Title="AUS00801_IN0_Central_1D"
Vertex = "x","y", "z", "bpName"
Link = "bp0","bp1", "id","generation","length","diameter","name"
N=326, E=325
  138.024000   119.848000     0.500000 unnamed
  134.616000   158.472000    98.500000 unnamed
  173.240000   169.264000   133.000000 unnamed
  182.328000   160.176000   131.500000 unnamed
  181.192000   173.240000   142.500000 unnamed
  118.712000   163.584000   118.500000 unnamed
  186.304000   155.064000   122.000000 unnamed
  193.688000   151.656000   140.500000 unnamed
  185.736000   172.104000   155.500000 unnamed
  109.056000   166.424000   145.000000 unnamed
  186.872000   145.408000   115.000000 unnamed
  188.008000   156.200000   120.000000 unnamed
  198.232000   148.248000   140.500000 unnamed
  190.280000   173.240000   163.000000 unnamed
  107.352000   169.832000   149.500000 unnamed
   98.264000   153.360000   152.500000 unnamed
  102.808000   163.016000   115.000000 unnamed
  185.736000   140.864000   109.500000 unnamed
  190.280000   137.456000   114.500000 unnamed
  188.008000   156.200000   104.000000 unnamed
  207.888000   147.112000   141.000000 unnamed
  209.592000   131.208000   140.000000 unnamed
  198.800000   144.272000   152.500000 unnamed
  105.648000   175.512000   150.000000 unnamed
   95.424000   143.704000   152.500000 unnamed
   95.992000   147.112000   159.000000 unnamed
   84.632000   148.248000   154.500000 unnamed
   96.560000   156.200000   110.000000 unnamed
  193.688000   135.752000   113.000000 unnamed
  191.416000   109.624000   117.000000 unnamed
  189.144000   153.928000    96.500000 unnamed
  218.112000   147.680000   136.500000 unnamed
  213.568000   144.840000   144.500000 unnamed
  217.544000   113.032000   146.000000 unnamed
  218.112000   123.824000   134.500000 unnamed
  199.936000   136.888000   160.000000 unnamed
  210.728000   135.184000   165.000000 unnamed
  110.760000   189.712000   143.500000 unnamed
   97.696000   186.304000   149.500000 unnamed
   92.584000   132.912000   155.500000 unnamed
   95.992000   143.704000   154.000000 unnamed
   93.152000   133.480000   170.000000 unnamed
   74.408000   102.240000   193.500000 unnamed
   78.384000   148.248000   153.500000 unnamed
   76.680000   144.272000   160.000000 unnamed
   95.424000   154.496000    97.500000 unnamed
  194.824000   111.328000   117.000000 unnamed
  189.712000   105.648000   116.000000 unnamed
  111.328000   195.960000   143.500000 unnamed
  109.056000   189.144000   143.000000 unnamed
   93.720000   185.736000   149.000000 unnamed
   97.128000   187.440000   149.500000 unnamed
   91.448000   122.120000   163.500000 unnamed
   91.448000   128.368000   155.000000 unnamed
   59.072000   136.888000   146.000000 unnamed
   63.616000   153.928000   151.500000 unnamed
   66.456000   142.568000   167.000000 unnamed
  184.600000    97.128000   116.000000 unnamed
  189.144000   105.080000   117.500000 unnamed
  111.328000   206.752000   139.500000 unnamed
  111.896000   196.528000   145.000000 unnamed
   93.152000   193.688000   151.500000 unnamed
   93.720000   191.984000   147.000000 unnamed
   87.472000   120.416000   154.000000 unnamed
   93.152000   108.488000   159.000000 unnamed
   56.232000   136.320000   144.500000 unnamed
   59.072000   135.184000   146.500000 unnamed
   60.208000   155.632000   150.500000 unnamed
   60.776000   156.200000   153.000000 unnamed
   63.048000   143.136000   168.500000 unnamed
   64.752000   140.864000   169.500000 unnamed
   65.320000   132.912000   164.000000 unnamed
   80.088000   204.480000   157.500000 unnamed
   91.448000   209.592000   158.000000 unnamed
   92.016000   191.416000   147.000000 unnamed
   88.040000   206.184000   144.500000 unnamed
   86.336000   119.280000   154.500000 unnamed
   88.040000   120.984000   153.500000 unnamed
   94.288000   109.624000   158.000000 unnamed
   93.152000   106.216000   160.500000 unnamed
   89.176000   117.576000   155.000000 unnamed
   89.744000   154.496000    91.000000 unnamed
   81.224000   146.544000    83.000000 unnamed
   78.384000   142.568000    75.500000 unnamed
   76.680000   143.136000    83.000000 unnamed
   76.112000   143.704000    74.000000 unnamed
   78.384000   140.864000    74.500000 unnamed
   84.064000   157.904000    86.000000 unnamed
   82.360000   160.744000    79.500000 unnamed
   67.592000   162.448000    83.500000 unnamed
   78.952000   165.856000    70.500000 unnamed
   84.064000   162.448000    79.500000 unnamed
   80.088000   166.992000    69.000000 unnamed
   71.568000   170.968000    67.500000 unnamed
   96.560000   152.224000    89.000000 unnamed
   98.264000   152.792000    85.500000 unnamed
  103.376000   159.040000    61.500000 unnamed
  104.512000   155.632000    80.500000 unnamed
  102.240000   158.472000    58.500000 unnamed
  105.080000   160.176000    61.000000 unnamed
  106.216000   153.928000    80.500000 unnamed
  103.944000   156.768000    79.500000 unnamed
  107.352000   153.928000    81.000000 unnamed
  106.784000   152.792000    79.500000 unnamed
   92.584000   148.248000   109.500000 unnamed
   91.448000   139.160000   108.000000 unnamed
   92.016000   135.184000   111.500000 unnamed
   98.832000   168.128000   112.500000 unnamed
   85.768000   173.808000   112.500000 unnamed
  103.944000   170.968000   160.000000 unnamed
  102.240000   172.104000   165.500000 unnamed
  105.080000   181.760000   173.500000 unnamed
  109.056000   184.032000   177.500000 unnamed
  103.944000   190.280000   177.500000 unnamed
   98.832000   172.672000   172.000000 unnamed
   98.832000   174.944000   177.500000 unnamed
   90.880000   170.968000   179.000000 unnamed
   92.584000   177.216000   183.000000 unnamed
   80.088000   165.288000   191.000000 unnamed
   84.632000   172.104000   181.000000 unnamed
   81.224000   190.848000   185.000000 unnamed
   84.064000   179.488000   195.500000 unnamed
   72.704000   162.448000   198.000000 unnamed
   78.952000   161.880000   190.500000 unnamed
   82.928000   171.536000   179.500000 unnamed
   78.952000   193.120000   184.000000 unnamed
   82.360000   192.552000   186.000000 unnamed
   82.360000   179.488000   196.000000 unnamed
   80.656000   185.168000   208.000000 unnamed
   68.728000   163.584000   200.000000 unnamed
  186.872000   157.904000   102.000000 unnamed
  186.304000   157.336000    96.000000 unnamed
  186.304000   168.696000    90.000000 unnamed
  184.600000   170.400000    90.500000 unnamed
  195.960000   160.744000   108.000000 unnamed
  199.368000   163.016000   101.000000 unnamed
   96.560000   142.000000    76.500000 unnamed
   97.128000   140.296000    77.000000 unnamed
   93.720000   134.616000    64.000000 unnamed
   93.720000   132.912000    64.000000 unnamed
   94.288000   134.616000    62.000000 unnamed
   84.064000   174.376000   114.000000 unnamed
   78.952000   174.376000   116.000000 unnamed
   73.840000   185.168000   117.500000 unnamed
   71.000000   186.304000   115.500000 unnamed
   69.296000   189.712000   119.000000 unnamed
   98.264000   177.216000   106.000000 unnamed
   99.400000   178.920000   102.000000 unnamed
   97.128000   182.896000    92.000000 unnamed
   95.424000   186.872000   106.500000 unnamed
  105.080000   182.896000    96.000000 unnamed
   98.832000   181.192000    91.500000 unnamed
   94.856000   187.440000    84.500000 unnamed
   98.264000   190.280000   107.500000 unnamed
  106.784000   185.168000    96.000000 unnamed
  108.488000   189.144000    85.500000 unnamed
   94.856000   188.576000    77.500000 unnamed
   91.448000   191.416000    82.500000 unnamed
   90.312000   195.392000   104.000000 unnamed
  110.760000   188.576000    84.000000 unnamed
  109.056000   198.232000    78.500000 unnamed
   95.992000   189.144000    74.500000 unnamed
   93.152000   189.712000    76.000000 unnamed
   89.176000   195.392000   102.000000 unnamed
   87.472000   201.640000   105.000000 unnamed
   90.880000   132.344000   106.500000 unnamed
   89.744000   124.960000   101.500000 unnamed
   90.880000   122.120000   106.500000 unnamed
   91.448000   111.328000    91.000000 unnamed
   84.632000   123.824000    99.000000 unnamed
   92.016000   111.328000   108.000000 unnamed
   88.040000   118.144000   107.500000 unnamed
   94.288000   106.784000    86.500000 unnamed
   89.744000   109.624000    90.500000 unnamed
  100.536000    93.152000   106.500000 unnamed
   89.176000    95.992000   115.500000 unnamed
   95.992000   106.216000    86.000000 unnamed
   97.128000   101.672000    82.500000 unnamed
  101.672000    90.312000   107.500000 unnamed
  101.672000    90.880000   105.500000 unnamed
   84.632000   145.408000   111.500000 unnamed
   78.384000   141.432000   114.000000 unnamed
   73.272000   144.840000   108.500000 unnamed
   71.000000   139.728000   116.000000 unnamed
   76.112000   137.456000   116.000000 unnamed
   67.024000   149.384000   107.000000 unnamed
   71.568000   143.704000   107.500000 unnamed
   77.816000   176.648000   107.000000 unnamed
   69.864000   183.464000   101.500000 unnamed
   80.088000   177.216000   106.000000 unnamed
  106.216000   167.560000   176.500000 unnamed
  105.080000   165.288000   182.000000 unnamed
  113.032000   168.128000   194.500000 unnamed
  105.648000   161.312000   188.000000 unnamed
  101.672000   164.720000   186.000000 unnamed
   68.160000   159.608000   202.000000 unnamed
   52.824000   153.928000   212.000000 unnamed
   54.528000   160.744000   207.000000 unnamed
   45.440000   148.248000   213.500000 unnamed
   51.688000   154.496000   214.000000 unnamed
   78.952000   173.240000   183.000000 unnamed
   73.272000   177.216000   182.500000 unnamed
   67.024000   172.672000   187.500000 unnamed
   65.320000   172.104000   187.000000 unnamed
   61.344000   173.808000   192.000000 unnamed
   99.400000   186.304000   198.500000 unnamed
   94.856000   199.936000   208.000000 unnamed
   84.632000   214.136000   220.500000 unnamed
   96.560000   206.752000   210.000000 unnamed
  101.104000   187.440000   202.000000 unnamed
  100.536000   190.280000   212.000000 unnamed
  108.488000   196.528000   214.000000 unnamed
  101.104000   194.824000   224.000000 unnamed
   98.264000   193.120000   215.000000 unnamed
  100.536000   197.664000   229.500000 unnamed
  102.240000   194.256000   225.000000 unnamed
  186.304000   174.376000    84.000000 unnamed
  186.304000   176.080000    84.000000 unnamed
  185.736000   177.784000    77.000000 unnamed
  191.984000   157.904000    72.500000 unnamed
  195.392000   159.040000    67.500000 unnamed
  188.576000   163.584000    56.500000 unnamed
  186.872000   168.128000    51.500000 unnamed
  184.032000   159.608000    46.500000 unnamed
  189.712000   143.704000    81.000000 unnamed
  186.872000   135.184000    69.000000 unnamed
  191.984000   142.000000    79.500000 unnamed
  188.008000   131.208000    67.000000 unnamed
  182.328000   130.640000    60.500000 unnamed
  173.808000   126.664000    53.000000 unnamed
  182.328000   127.232000    56.000000 unnamed
  203.912000   159.608000    92.500000 unnamed
  202.776000   157.904000    92.500000 unnamed
  212.432000   156.200000    83.500000 unnamed
  214.136000   154.496000    81.000000 unnamed
  214.136000   157.336000    83.000000 unnamed
  202.776000   168.696000    94.500000 unnamed
  204.480000   172.104000    94.500000 unnamed
  207.888000   177.784000    83.000000 unnamed
  214.704000   179.488000    80.500000 unnamed
  207.888000   181.192000    80.000000 unnamed
  205.616000   183.464000    73.000000 unnamed
  208.456000   184.600000    79.000000 unnamed
  203.912000   161.312000   106.000000 unnamed
  210.160000   165.856000   106.000000 unnamed
  222.088000   149.952000   102.000000 unnamed
  219.816000   170.968000   104.500000 unnamed
  211.296000   168.128000   107.500000 unnamed
  222.656000   148.248000   102.500000 unnamed
  230.040000   151.656000   100.500000 unnamed
  231.176000   173.240000   111.000000 unnamed
  224.928000   174.944000   101.000000 unnamed
  184.032000   178.920000   140.500000 unnamed
  185.736000   180.624000   141.500000 unnamed
  191.984000   186.304000   139.000000 unnamed
  186.872000   188.008000   147.000000 unnamed
  194.256000   184.032000   139.000000 unnamed
  196.528000   190.848000   137.000000 unnamed
  185.736000   188.008000   150.500000 unnamed
  191.984000   201.072000   155.000000 unnamed
  207.320000   195.960000   138.000000 unnamed
  200.504000   198.800000   134.000000 unnamed
  191.416000   205.048000   155.000000 unnamed
  197.096000   207.888000   162.500000 unnamed
  201.640000   207.320000   136.000000 unnamed
  207.888000   207.888000   128.000000 unnamed
  207.888000   209.592000   128.000000 unnamed
  208.456000   207.320000   126.500000 unnamed
  186.872000   182.896000   134.500000 unnamed
  185.168000   187.440000   133.000000 unnamed
  190.848000   194.256000   122.500000 unnamed
  184.032000   187.440000   131.500000 unnamed
  184.600000   189.144000   134.500000 unnamed
  191.984000   175.512000   169.500000 unnamed
  194.256000   180.056000   176.500000 unnamed
  203.912000   172.104000   188.000000 unnamed
  202.776000   189.144000   182.000000 unnamed
  194.824000   184.600000   189.500000 unnamed
  210.160000   170.968000   193.000000 unnamed
  206.752000   173.240000   195.000000 unnamed
  206.184000   195.960000   184.500000 unnamed
  219.248000   195.960000   192.500000 unnamed
  194.824000   193.120000   198.500000 unnamed
  197.096000   185.736000   195.500000 unnamed
  216.976000   168.128000   201.000000 unnamed
  222.088000   172.672000   197.500000 unnamed
  212.432000   176.080000   202.000000 unnamed
  206.184000   171.536000   196.000000 unnamed
  207.888000   198.800000   183.500000 unnamed
  206.752000   199.368000   186.000000 unnamed
  193.688000   193.120000   200.000000 unnamed
  196.528000   196.528000   201.000000 unnamed
  202.208000   190.280000   204.500000 unnamed
  197.096000   186.304000   208.000000 unnamed
  216.408000   168.128000   202.500000 unnamed
  218.680000   166.992000   202.500000 unnamed
  211.864000   177.784000   202.000000 unnamed
  216.976000   177.216000   208.000000 unnamed
  203.344000   196.528000   210.000000 unnamed
  203.912000   191.984000   207.000000 unnamed
  229.472000   163.584000   212.500000 unnamed
  217.544000   165.288000   203.500000 unnamed
  203.344000   195.392000   210.500000 unnamed
  204.480000   198.232000   212.500000 unnamed
  207.320000   200.504000   216.000000 unnamed
  203.344000   197.664000   213.500000 unnamed
  189.712000   165.288000   169.500000 unnamed
  194.824000   164.152000   184.500000 unnamed
  193.688000   164.720000   193.500000 unnamed
  197.664000   161.880000   187.500000 unnamed
  193.688000   165.856000   194.000000 unnamed
  192.552000   161.880000   203.500000 unnamed
  203.912000   155.632000   186.000000 unnamed
  209.592000   153.360000   189.000000 unnamed
  220.384000   139.160000   210.000000 unnamed
  212.432000   152.224000   187.500000 unnamed
  229.472000   144.840000   200.500000 unnamed
  230.608000   143.136000   202.000000 unnamed
  231.176000   144.272000   199.500000 unnamed
  200.504000   173.808000   163.500000 unnamed
  211.296000   171.536000   168.000000 unnamed
  216.976000   168.696000   169.000000 unnamed
  215.272000   173.240000   168.500000 unnamed
  206.752000   177.216000   162.000000 unnamed
  218.112000   192.552000   165.500000 unnamed
  220.952000   180.056000   156.500000 unnamed
    1     2     1     0   110.257000     0.000000 -
    2     3     2     1    55.365500     0.000000 -
    2     6     3     1    26.671700     0.000000 -
    3     4     4     2    13.054200     0.000000 -
    3     5     5     2    13.696500     0.000000 -
    4     7     6     3    12.243800     0.000000 -
    4     8     7     3    17.293200     0.000000 -
    5   253     8     3     6.820790     0.000000 -
    5     9     9     3    14.499300     0.000000 -
    6    10    10     2    29.691700     0.000000 -
    6    17    11     2    16.783500     0.000000 -
    7    11    12     3    12.208100     0.000000 -
    7    12    13     3     2.891130     0.000000 -
    8    13    14     4     5.813000     0.000000 -
    8    23    15     4    15.598900     0.000000 -
  253   269    16     4     7.811110     0.000000 -
  253   254    17     4     2.636250     0.000000 -
    9   307    18     4    17.702200     0.000000 -
    9    14    19     4     9.287180     0.000000 -
   10    15    20     3     5.988060     0.000000 -
   10    16    21     3    19.595000     0.000000 -
   11    18    22     4     8.025600     0.000000 -
   11    19    23     4     9.107410     0.000000 -
   12    20    24     4    17.003600     0.000000 -
   12   135    25     4    15.453100     0.000000 -
   13    21    26     5    10.032000     0.000000 -
   13    22    27     5    20.796400     0.000000 -
  254   255    28     5     9.108150     0.000000 -
  254   256    29     5     9.519040     0.000000 -
   14   320    30     5    10.797300     0.000000 -
   14   274    31     5     8.067100     0.000000 -
   15   110    32     3    11.784900     0.000000 -
   15    24    33     3     6.066970     0.000000 -
   16    25    34     4    10.481400     0.000000 -
   16    26    35     4     9.532420     0.000000 -
   16    27    36     4    15.383400     0.000000 -
   17    28    37     3    10.625600     0.000000 -
   17   108    38     3     5.242090     0.000000 -
   19    29    39     5     4.214960     0.000000 -
   19    30    40     5    28.894200     0.000000 -
   20   131    41     5     2.954330     0.000000 -
   20    31    42     5     8.382670     0.000000 -
  135   244    43     5     8.493550     0.000000 -
  135   136    44     5     8.558300     0.000000 -
   21    32    45     6    11.265000     0.000000 -
   21    33    46     6     7.253150     0.000000 -
   22    34    47     6    21.124200     0.000000 -
   22    35    48     6    12.614000     0.000000 -
   23    36    49     5    12.787500     0.000000 -
   23    37    50     5    20.237100     0.000000 -
  258   261    51     7    12.281500     0.000000 -
  258   262    52     7     9.605900     0.000000 -
  307   308    53     5    17.083800     0.000000 -
  320   321    54     6    12.026200     0.000000 -
  320   324    55     6     7.459420     0.000000 -
  274   275    56     4     9.020840     0.000000 -
  274   276    57     6    23.390700     0.000000 -
  110   111    58     4     6.085150     0.000000 -
  110   191    59     4    19.548000     0.000000 -
   24    38    60     4    16.702200     0.000000 -
   24    39    61     4    13.711400     0.000000 -
   25    40    62     5    11.760200     0.000000 -
   25    41    63     5     1.661850     0.000000 -
   26    42    64     5    17.949300     0.000000 -
   26    43    65     5    61.659700     0.000000 -
   27    44    66     5     6.398880     0.000000 -
   27    45    67     5    10.557500     0.000000 -
   28    46    68     3    12.906800     0.000000 -
   28   105    69     3     9.189500     0.000000 -
  108   109    70     4    14.579800     0.000000 -
  108   147    71     4    11.403900     0.000000 -
   30    47    72     6     3.822080     0.000000 -
   30    48    73     6     4.546050     0.000000 -
  131   132    74     6     6.388390     0.000000 -
  131   133    75     6    16.593800     0.000000 -
   31   220    76     6    25.032500     0.000000 -
   31   225    77     6    18.976100     0.000000 -
  136   232    78     6    10.660900     0.000000 -
  136   237    79     6     9.498390     0.000000 -
  275   277    80     5    13.886200     0.000000 -
  275   278    81     5    14.230500     0.000000 -
  276   279    82     4     8.201810     0.000000 -
  276   280    83     4     8.106270     0.000000 -
  111   115    84     5     7.733780     0.000000 -
  111   112    85     5    13.437900     0.000000 -
  191   192    86     5     6.221530     0.000000 -
  191   193    87     5    19.798700     0.000000 -
   38    49    88     5     6.543750     0.000000 -
   38    50    89     5     2.063360     0.000000 -
   39    51    90     5     4.104360     0.000000 -
   39    52    91     5     1.281380     0.000000 -
   40    53    92     6    14.046000     0.000000 -
   40    54    93     6     4.854810     0.000000 -
   44    55    94     6    24.138400     0.000000 -
   44    56    95     6    16.251300     0.000000 -
   45    57    96     6    12.787000     0.000000 -
   45    72    97     6    17.071400     0.000000 -
   46    82    98     4     8.757050     0.000000 -
   46    95    99     4     9.214010     0.000000 -
  105   106   100     4     9.616990     0.000000 -
  105   181   101     4     8.995090     0.000000 -
  109   188   102     5    10.307900     0.000000 -
  109   142   103     5     2.382940     0.000000 -
  147   148   104     5     4.641560     0.000000 -
  147   150   105     5    10.636500     0.000000 -
   48    58   106     7    10.196700     0.000000 -
   48    59   107     7     1.799830     0.000000 -
  220   222   108     7    17.607600     0.000000 -
  220   221   109     7     6.580480     0.000000 -
  225   226   110     7    15.268600     0.000000 -
  225   227   111     7     3.227110     0.000000 -
  237   239   112     7    15.763100     0.000000 -
  277   281   113     6     8.259950     0.000000 -
  277   282   114     6    21.510800     0.000000 -
  278   283   115     6    12.704400     0.000000 -
  278   284   116     6     6.996050     0.000000 -
  279   285   117     5    11.055400     0.000000 -
  279   286   118     5    13.399200     0.000000 -
  280   287   119     5     9.801060     0.000000 -
  280   288   120     5     2.086800     0.000000 -
  115   116   121     6     6.280920     0.000000 -
  115   117   122     5    11.382800     0.000000 -
  112   113   123     6     6.180370     0.000000 -
  112   114   124     6     9.693410     0.000000 -
   49    60   125     6    11.865300     0.000000 -
   49    61   126     6     1.799830     0.000000 -
   52    62   127     6     7.809230     0.000000 -
   52    63   128     6     6.356370     0.000000 -
   54    64   129     7     9.914420     0.000000 -
   54    65   130     7    20.979100     0.000000 -
   55    66   131     7     3.304200     0.000000 -
   55    67   132     7     1.818530     0.000000 -
   56    68   133     7     3.985810     0.000000 -
   56    69   134     7     4.093700     0.000000 -
   57    70   135     7     4.118670     0.000000 -
   57    71   136     7     3.721350     0.000000 -
   82    83   137     5    14.418200     0.000000 -
   82    88   138     5     8.429350     0.000000 -
   95    96   139     5     4.241570     0.000000 -
   95   137   140     5    16.369200     0.000000 -
  217   218   141     8     1.704000     0.000000 -
  217   219   142     8     8.383050     0.000000 -
  226   228   143     8     4.706850     0.000000 -
  226   229   144     8    10.883000     0.000000 -
  281   289   145     7     3.514840     0.000000 -
  281   290   146     7     4.474510     0.000000 -
  283   291   147     7     2.106720     0.000000 -
  283   292   148     7     4.677690     0.000000 -
  284   293   149     7    11.508600     0.000000 -
  284   294   150     7    13.087000     0.000000 -
  285   295   151     6     1.603940     0.000000 -
  285   296   152     6     2.572400     0.000000 -
  287   297   153     6     1.796170     0.000000 -
  287   298   154     6     7.792640     0.000000 -
  116   118   155     5     9.263320     0.000000 -
  116   206   156     5    24.490900     0.000000 -
  117   119   157     6    17.439500     0.000000 -
  117   120   158     6     7.131910     0.000000 -
   62    73   159     7    18.142800     0.000000 -
   62    74   160     7    17.637100     0.000000 -
   63    75   161     7     1.849380     0.000000 -
   63    76   162     7    15.821500     0.000000 -
   64    77   163     8     1.690070     0.000000 -
   64    78   164     8     0.946175     0.000000 -
   65    79   165     8     2.032320     0.000000 -
   65    80   166     8     2.794220     0.000000 -
   83    84   167     6     9.302700     0.000000 -
   83    85   168     6     5.786270     0.000000 -
   88    89   169     6     7.772720     0.000000 -
   88    90   170     6    17.647400     0.000000 -
   96    97   171     6    25.970300     0.000000 -
   96    98   172     6     8.629710     0.000000 -
  139   140   173     7     1.704000     0.000000 -
  139   141   174     7     2.145650     0.000000 -
  293   299   175     8     9.659890     0.000000 -
  293   300   176     8     3.552010     0.000000 -
  118   121   177     6    18.252800     0.000000 -
  118   122   178     6    15.571200     0.000000 -
  206   210   179     6     4.324950     0.000000 -
  206   207   180     6    17.630600     0.000000 -
  119   123   181     7    10.703100     0.000000 -
   64    81   182     8     3.554340     0.000000 -
  299   303   183     9     1.250530     0.000000 -
  299   304   184     9     3.295930     0.000000 -
  121   126   185     7     3.459770     0.000000 -
  121   127   186     7     2.314640     0.000000 -
  122   128   187     7     1.775840     0.000000 -
  122   129   188     7    14.945900     0.000000 -
  211   213   189     8    13.281800     0.000000 -
  211   214   190     8     4.763470     0.000000 -
  207   208   191     7    22.042600     0.000000 -
  207   209   192     7     7.588280     0.000000 -
  304   305   193    10     5.400320     0.000000 -
  304   306   194    10     1.626220     0.000000 -
   84    86   195     7     3.001320     0.000000 -
   84    87   196     7     1.975760     0.000000 -
   89    91   197     7    11.153400     0.000000 -
   89    92   198     7     2.611510     0.000000 -
   91    93   199     8     2.246010     0.000000 -
   91    94   200     8     9.563610     0.000000 -
   97    99   201     7     3.808820     0.000000 -
   97   100   202     7     2.171120     0.000000 -
   98   101   203     7     2.409820     0.000000 -
   98   102   204     7     1.626220     0.000000 -
  101   103   205     8     1.250530     0.000000 -
  101   104   206     8     1.626220     0.000000 -
  137   138   207     6     1.864470     0.000000 -
  137   139   208     6    15.479600     0.000000 -
  106   166   209     5     7.070480     0.000000 -
  106   107   210     5     5.701480     0.000000 -
  166   167   211     6     9.068980     0.000000 -
  166   168   212     6    10.423400     0.000000 -
  167   169   213     7    17.411500     0.000000 -
  167   170   214     7     5.932020     0.000000 -
  169   173   215     8     7.130180     0.000000 -
  169   174   216     8     2.634580     0.000000 -
  173   177   217     9     1.949180     0.000000 -
  173   178   218     9     7.669170     0.000000 -
  168   171   219     7    11.288700     0.000000 -
  168   172   220     7     5.320500     0.000000 -
  171   175   221     8    20.341300     0.000000 -
  171   176   222     8    17.624100     0.000000 -
  175   179   223     9     3.381000     0.000000 -
  175   180   224     9     2.829750     0.000000 -
  181   182   225     5     7.994500     0.000000 -
  181   183   226     5    12.006800     0.000000 -
  142   143   227     6     6.163010     0.000000 -
  142   144   228     6    15.607900     0.000000 -
  188   189   229     6    12.436900     0.000000 -
  188   190   230     6     3.463360     0.000000 -
  148   151   231     6     9.547380     0.000000 -
  148   149   232     6    11.372200     0.000000 -
  151   155   233     7     3.120400     0.000000 -
  151   156   234     7    12.887200     0.000000 -
  156   160   235     8     2.832710     0.000000 -
  156   161   236     8    11.532300     0.000000 -
  149   152   237     7     2.858710     0.000000 -
  149   153   238     7     9.409480     0.000000 -
  153   157   239     8     7.365950     0.000000 -
  153   158   240     8     5.650050     0.000000 -
  159   164   241     7     2.630170     0.000000 -
  159   165   242     7     7.013940     0.000000 -
  192   194   243     6     7.331920     0.000000 -
  192   195   244     6     5.580670     0.000000 -
  119   124   245     7     3.732950     0.000000 -
  123   196   246     8     7.242150     0.000000 -
  123   130   247     8     4.777600     0.000000 -
  197   199   248    10     9.974930     0.000000 -
  197   200   249    10     2.446420     0.000000 -
  196   197   250     9    19.484000     0.000000 -
  196   198   251     9    15.703700     0.000000 -
  120   201   252     7     6.265510     0.000000 -
  120   125   253     7     2.382940     0.000000 -
  201   203   254     8    13.065700     0.000000 -
  201   202   255     8     7.200180     0.000000 -
  210   211   256     7    10.697600     0.000000 -
  210   212   257     7    17.333800     0.000000 -
  133   217   258     7     8.326870     0.000000 -
  133   134   259     7     2.585450     0.000000 -
  222   223   260     8     7.055180     0.000000 -
  222   224   261     8    12.258900     0.000000 -
  229   230   262     9    12.511400     0.000000 -
  229   231   263     9     6.638720     0.000000 -
  232   233   264     7     2.084650     0.000000 -
  232   234   265     7    13.046300     0.000000 -
  237   238   266     7     4.054130     0.000000 -
  239   240   267     8     7.884170     0.000000 -
  239   241   268     8     4.540320     0.000000 -
  241   242   269     9     8.064900     0.000000 -
  241   243   270     9     3.655830     0.000000 -
  244   245   271     6     8.031000     0.000000 -
  244   246   272     6    22.235800     0.000000 -
  245   247   273     7    11.113500     0.000000 -
  245   248   274     7     3.210780     0.000000 -
  247   251   275     8    13.563000     0.000000 -
  247   252   276     8     7.600680     0.000000 -
  246   249   277     7     1.864470     0.000000 -
  246   250   278     7     8.511870     0.000000 -
  262   265   279     8     8.900170     0.000000 -
  262   266   280     8    13.236900     0.000000 -
  266   267   281     9     1.704000     0.000000 -
  266   268   282     9     1.799830     0.000000 -
  260   263   283     7     4.102370     0.000000 -
  260   264   284     7    11.605600     0.000000 -
  269   270   285     5     5.632180     0.000000 -
  269   271   286     5    17.497100     0.000000 -
  144   145   287     7     3.958840     0.000000 -
  144   146   288     7     6.637340     0.000000 -
  157   162   289     9     3.363270     0.000000 -
  157   163   290     9     2.572400     0.000000 -
  150   159   291     6    10.397200     0.000000 -
  150   154   292     6     4.599750     0.000000 -
  182   184   293     6     8.124500     0.000000 -
  182   185   294     6     5.250150     0.000000 -
  183   186   295     6     7.957980     0.000000 -
  183   187   296     6     2.279060     0.000000 -
  203   204   297     9     1.864470     0.000000 -
  203   205   298     9     7.507610     0.000000 -
  213   215   299     9     6.283800     0.000000 -
  213   216   300     9     1.626220     0.000000 -
  234   235   301     8     3.527210     0.000000 -
  234   236   302     8     2.145040     0.000000 -
  255   257   303     6     3.343330     0.000000 -
  255   258   304     6     6.818600     0.000000 -
  256   259   305     6     3.770580     0.000000 -
  256   260   306     6    16.290900     0.000000 -
  270   272   307     6     1.881620     0.000000 -
  270   273   308     6     2.448340     0.000000 -
  296   301   309     7    15.459000     0.000000 -
  296   302   310     7     2.279060     0.000000 -
  307   313   311     5    24.498800     0.000000 -
  313   314   312     6     7.267080     0.000000 -
  313   315   313     6    35.005500     0.000000 -
  308   309   314     6     9.706890     0.000000 -
  308   310   315     6     4.770230     0.000000 -
  309   311   316     7     1.250530     0.000000 -
  309   312   317     7    10.943600     0.000000 -
  314   316   318     7     3.446610     0.000000 -
  314   317   319     7    25.100100     0.000000 -
  317   318   320     8     2.625990     0.000000 -
  317   319   321     8     2.123380     0.000000 -
  321   322   322     7     6.578160     0.000000 -
  321   323   323     7     4.677730     0.000000 -
  324   325   324     7    19.703800     0.000000 -
  324   326   325     7    15.944800     0.000000 -
