Title="AUS00801_IN1_Central_1D_withDiameter"
Vertex = "x","y","z","bpName"
Link = "bp0","bp1", "id","generation","length","diameter", "name","InArea","OutArea","InPeri","OutPeri"
N=295, E=294
        134.048         118.712             0.5 unnamed
        129.504         157.904           101.5 unnamed
        169.832          167.56             135 unnamed
        115.304         160.744             122 unnamed
        180.056         157.904             133 unnamed
        177.784         171.536             143 unnamed
         98.264         158.472             119 unnamed
        182.896          153.36           123.5 unnamed
        191.416         149.384           141.5 unnamed
        182.896           170.4             155 unnamed
         92.016         151.656             115 unnamed
        106.216          161.88           148.5 unnamed
        183.464         142.568             116 unnamed
          184.6         154.496             122 unnamed
        196.528         141.432           153.5 unnamed
        183.464         168.696           156.5 unnamed
          90.88         149.952             103 unnamed
         105.08          164.72             152 unnamed
         95.992         147.112             157 unnamed
        186.304         135.752           115.5 unnamed
        182.328         139.728           110.5 unnamed
        199.368         140.296             156 unnamed
        199.936         135.184           159.5 unnamed
         195.96         145.408             141 unnamed
        182.328         168.696           158.5 unnamed
         187.44          164.72           166.5 unnamed
           85.2         149.952              97 unnamed
        102.808         171.536           151.5 unnamed
         81.792         141.432           159.5 unnamed
          90.88         127.232             161 unnamed
        195.392           127.8           107.5 unnamed
        186.872         121.552           116.5 unnamed
          184.6         154.496           105.5 unnamed
          198.8         140.296           156.5 unnamed
         207.32         129.504           167.5 unnamed
        206.752         126.664             140 unnamed
         204.48         143.704           141.5 unnamed
        186.872         163.584           171.5 unnamed
        191.416         163.584             171 unnamed
         95.424         182.328           149.5 unnamed
        113.032          181.76             149 unnamed
          73.84         136.888           164.5 unnamed
         76.112         141.432           158.5 unnamed
         89.744         122.688             161 unnamed
         90.312         117.008             169 unnamed
        186.872          110.76             117 unnamed
        188.576         123.256             115 unnamed
        209.024         122.688             141 unnamed
         210.16         124.392             137 unnamed
        209.024         142.568             143 unnamed
        212.432         143.704           137.5 unnamed
         90.312          181.76             149 unnamed
         94.288         184.032           149.5 unnamed
         64.184         134.048             171 unnamed
         60.208         145.408           156.5 unnamed
             71         138.024           155.5 unnamed
         89.744         105.648           164.5 unnamed
           85.2          116.44             160 unnamed
        210.728         123.256             141 unnamed
        212.432           113.6           143.5 unnamed
         91.448          190.28           150.5 unnamed
          90.88          190.28             146 unnamed
         61.344         120.416           170.5 unnamed
         60.208         134.048             173 unnamed
          62.48         131.776             174 unnamed
         55.096          147.68           157.5 unnamed
         57.368         145.976             155 unnamed
           56.8         128.368             152 unnamed
         72.136         138.592             154 unnamed
         88.608         106.784           164.5 unnamed
         90.312          105.08           164.5 unnamed
         89.176         190.848           145.5 unnamed
         90.312         189.712           146.5 unnamed
         90.312          195.96           144.5 unnamed
         92.016         148.248              94 unnamed
          93.72         149.384              90 unnamed
        101.672         151.656              85 unnamed
         94.288         152.224            81.5 unnamed
        103.376         151.656              84 unnamed
        103.944          150.52            90.5 unnamed
         97.696         156.768            66.5 unnamed
         95.424         152.224            81.5 unnamed
          96.56         156.768            63.5 unnamed
         98.264         158.472            65.5 unnamed
         92.016         138.592              82 unnamed
         91.448          133.48            71.5 unnamed
         93.152         136.888              82 unnamed
         91.448         135.184              70 unnamed
         89.744          130.64            69.5 unnamed
         89.744         128.936            69.5 unnamed
         89.176         128.936            64.5 unnamed
          88.04          130.64              63 unnamed
         88.608          116.44              61 unnamed
         78.952         153.928              91 unnamed
         73.272         162.448              76 unnamed
         64.184         157.336            90.5 unnamed
         70.432         163.016              75 unnamed
         74.408         163.016            73.5 unnamed
         77.248             142              89 unnamed
          73.84         138.024            81.5 unnamed
         73.272          139.16            89.5 unnamed
          93.72          164.72             116 unnamed
         92.584         172.672           110.5 unnamed
         89.744         182.896           110.5 unnamed
         84.064          190.28           107.5 unnamed
         93.152         185.736             110 unnamed
         82.928         191.984           105.5 unnamed
         78.952         200.504           109.5 unnamed
         94.288         174.944           106.5 unnamed
         91.448         179.488              96 unnamed
         91.448         177.784            95.5 unnamed
         88.608         184.032            89.5 unnamed
         88.608         185.736              82 unnamed
           85.2         188.576            87.5 unnamed
         89.744          187.44            76.5 unnamed
         86.336         185.736              80 unnamed
           99.4         179.488             100 unnamed
        102.808         186.872            88.5 unnamed
         102.24         179.488            99.5 unnamed
         80.656         168.696             118 unnamed
         72.136         170.968           112.5 unnamed
          73.84         170.968             111 unnamed
         65.888         174.376           108.5 unnamed
         63.616          176.08           107.5 unnamed
          65.32          173.24             109 unnamed
         88.608         142.568           115.5 unnamed
         87.472          133.48             114 unnamed
         88.608         132.344           116.5 unnamed
        102.808          167.56           161.5 unnamed
        100.536         168.696           166.5 unnamed
        104.512         179.488           172.5 unnamed
         97.696         169.264             172 unnamed
         97.696         171.536             175 unnamed
         91.448         174.944           180.5 unnamed
         83.496         177.784             192 unnamed
         80.088         189.144             181 unnamed
         76.112         179.488           200.5 unnamed
          79.52         184.032           202.5 unnamed
        106.216          164.72           175.5 unnamed
        104.512         163.016           181.5 unnamed
         102.24         163.584             183 unnamed
         105.08         159.608           187.5 unnamed
        106.216         159.608             190 unnamed
        103.944         157.904             188 unnamed
         89.176         168.696           177.5 unnamed
         78.952         162.448             189 unnamed
         77.816         159.608             188 unnamed
          51.12         158.472           203.5 unnamed
         48.848         157.336           204.5 unnamed
         49.984          159.04           205.5 unnamed
         77.816         169.832             180 unnamed
         66.456         169.264             183 unnamed
         71.568         173.808           178.5 unnamed
         64.752         169.264           182.5 unnamed
         52.256         174.944             191 unnamed
         98.832           184.6           194.5 unnamed
         94.288           198.8             201 unnamed
         95.992         208.456           203.5 unnamed
         85.768         211.864           208.5 unnamed
        100.536         186.304             198 unnamed
        108.488         196.528           208.5 unnamed
         99.968         189.144           206.5 unnamed
         98.832          190.28             209 unnamed
        101.104         193.688           217.5 unnamed
        106.784         195.392             227 unnamed
        101.672         203.344             228 unnamed
        182.896           156.2           103.5 unnamed
        179.488         157.336            91.5 unnamed
         181.76          167.56            91.5 unnamed
        178.352         156.768              89 unnamed
        178.352         157.904            91.5 unnamed
         181.76         169.264            89.5 unnamed
        180.624         169.832              92 unnamed
        185.168         152.224            97.5 unnamed
          184.6         142.568              82 unnamed
        181.192         134.616              70 unnamed
        186.872         141.432              81 unnamed
        176.648          130.64            61.5 unnamed
        182.328         132.344            68.5 unnamed
        171.536         128.368            57.5 unnamed
        177.784         130.072            60.5 unnamed
        186.304         156.768              74 unnamed
        182.328         163.016            58.5 unnamed
        190.848         157.904            68.5 unnamed
        182.328         164.152            57.5 unnamed
        185.168         163.016              57 unnamed
         181.76          161.88              56 unnamed
        192.552          159.04           108.5 unnamed
        195.392         161.312             102 unnamed
        199.936         159.608           106.5 unnamed
        200.504         157.904              93 unnamed
        199.368         166.992              95 unnamed
        217.544          147.68             101 unnamed
        199.368         156.768              93 unnamed
        207.888         154.496              83 unnamed
        200.504           170.4            95.5 unnamed
        203.344          176.08              84 unnamed
        225.496         148.816            99.5 unnamed
         218.68          144.84             101 unnamed
        209.592         155.064              83 unnamed
         207.32         154.496              82 unnamed
        206.184         175.512              83 unnamed
        203.344          178.92            80.5 unnamed
        227.768         149.384             101 unnamed
        226.632         149.952            98.5 unnamed
        203.344         180.056            77.5 unnamed
        203.344          181.76              80 unnamed
        206.184         164.152           106.5 unnamed
        206.184         165.288           107.5 unnamed
         215.84          167.56           104.5 unnamed
        206.752         165.288           108.5 unnamed
        205.048          164.72             108 unnamed
        219.248         166.992             105 unnamed
        220.384         172.672           101.5 unnamed
        180.624         177.216           141.5 unnamed
         181.76         178.352             142 unnamed
        182.328         185.736           146.5 unnamed
        188.008           184.6             139 unnamed
        188.576         199.936             154 unnamed
        182.896         188.008             159 unnamed
        189.144         182.896           137.5 unnamed
         193.12         189.144           136.5 unnamed
        188.008          204.48             154 unnamed
        190.848         201.072             155 unnamed
        197.096         198.232             133 unnamed
        199.368         193.688             137 unnamed
        197.096         206.184           134.5 unnamed
          198.8           198.8           132.5 unnamed
        182.896          181.76             135 unnamed
        185.168         190.848           125.5 unnamed
        180.056         183.464             134 unnamed
         93.152         140.296             164 unnamed
         92.584         131.208             173 unnamed
          90.88         111.896             189 unnamed
          93.72          130.64           178.5 unnamed
           85.2         126.096             175 unnamed
         71.568         111.328             186 unnamed
         77.248          98.832           197.5 unnamed
         73.272          94.288           202.5 unnamed
         77.816          95.424           200.5 unnamed
        186.872         172.104             162 unnamed
        190.848         170.968             162 unnamed
        193.688         172.672           163.5 unnamed
        191.984         172.104             163 unnamed
          79.52         169.264             119 unnamed
         65.888         168.696             123 unnamed
         64.184         184.032           123.5 unnamed
         87.472         125.528             112 unnamed
         87.472         115.872             113 unnamed
         89.744         106.216             114 unnamed
         86.336         115.304           113.5 unnamed
         97.128          91.448             113 unnamed
          88.04          105.08             115 unnamed
         86.336         120.416             108 unnamed
         83.496         118.144           106.5 unnamed
          88.04         106.216              97 unnamed
         92.016          102.24            92.5 unnamed
         84.632         103.376            96.5 unnamed
          79.52          139.16             117 unnamed
         69.296         138.024             114 unnamed
         73.272         134.048             121 unnamed
         68.728         136.888             114 unnamed
          65.32         141.432           113.5 unnamed
          68.16         132.912             122 unnamed
         72.704         131.776             121 unnamed
        112.464         165.288           188.5 unnamed
          113.6         166.424           188.5 unnamed
          113.6          167.56           198.5 unnamed
        120.984         168.128             210 unnamed
        112.464         168.696             200 unnamed
        189.144         173.808             169 unnamed
        190.848         177.784           174.5 unnamed
        201.072           170.4             184 unnamed
         204.48         193.688           180.5 unnamed
        192.552         182.896             186 unnamed
        205.616         171.536             191 unnamed
        195.392         183.464           191.5 unnamed
        231.176         180.056             216 unnamed
        211.296         166.992           200.5 unnamed
         230.04         159.608           205.5 unnamed
        209.592          167.56           201.5 unnamed
        215.272          164.72             206 unnamed
        209.024          193.12           206.5 unnamed
        194.256         191.984             194 unnamed
        192.552         193.688           197.5 unnamed
        202.208         206.184             207 unnamed
        192.552         195.392             197 unnamed
        192.552         194.824             200 unnamed
        197.664           184.6             202 unnamed
        197.096         192.552             220 unnamed
        202.776         181.192             213 unnamed
         195.96         194.824             225 unnamed
          198.8         194.824           223.5 unnamed
        201.072         180.056             215 unnamed
        209.024         186.304             222 unnamed
    1    2    1    0   113.666    16.0152    Trachea    201.445    347.521    51.1978    67.0796
    2    4    2    1   25.9815    13.4662        RMB    142.424    266.321    45.2472    60.8877
    2    3    3    1   55.8097    11.7981        LMB    109.323    180.723    38.7684    49.0306
    3    5    4    2   14.3465    8.56461        LUL    57.6109    118.558    27.2729    38.9154
    3    6    5    2   12.1858    8.56513       LLB6     57.618    114.288    27.4734    38.3047
    4    7    6    2   18.1042    8.86648        RUL    61.7436      116.8    32.1798    41.8366
    4   12    7    2   29.6479    10.2925    BronInt    83.2014    143.734    35.7158    45.2668
    5    8    8    3   11.5336    6.33372          -     31.507    72.8926    20.1992    30.4662
    5    9    9    3   17.1443    6.11947      LB4+5    29.4115    67.5149    19.8777    29.5877
    6   10   10    3   13.5151    7.08018        LLB    39.3712     83.513    22.8561    32.8325
    6  215   11    3   6.78992    6.79704        LB6    36.2852    80.3938    21.6205    31.9834
    7   11   12    3   10.2936    6.57497          -    33.9529    77.0678    21.2468    31.5295
    7  102   13    3    9.3029    5.36232        RB2    22.5837    54.8916     17.539    26.7371
    8   13   14    3   13.4556    4.96455        LB3    19.3575    49.8009    15.8281    25.1712
    8   14   15    3    2.5724    7.23828      LB1+2    41.1491     86.021    26.4112    35.7781
    9   15   16    4   15.8036    3.96684        LB5    12.3589    37.5923    13.0837    22.1381
    9   24   17    4   6.54254    5.02242        LB4    19.8114     49.528    16.7176    25.6136
   10   16   18    4   2.38294    9.39176          -    69.2761    128.276    33.7001    43.4347
   10  241   19    4   9.08617    6.54675          -    33.6621    76.0719    21.5005    31.6079
  215  216   20    4   1.69007    4.96184      lb6_a    19.3364    42.8419    15.5881    23.2027
  215  229   21    4   9.16488    3.26734      lb6_b    8.38451    27.1223    10.6517    18.6993
   11   17   22    3   12.5181    3.91569        RB1    12.0422    37.0471    12.6964    21.8355
   11  126   23    3    10.237    4.65527        RB3    17.0208    45.8415    14.8336    24.1695
   12   18   24    3    4.7314    10.1204          -    80.4429    131.673    33.2665    41.8596
   12   19   25    3   20.7655    6.36137      RB4+5    31.7827    71.8423    21.2832    31.0528
   13   20   26    4   7.72399    3.92283      lb3_b    12.0862    36.1365    12.8186    21.6869
   13   21   27    4   6.89043    3.48782      lb3_a    9.55426    28.8385    11.8245    19.6136
   14  188   28    4   16.8538    3.75087        LB2    11.0498    35.5166    12.1769    21.3931
   14   33   29    4   17.6607     4.0452        LB1     12.852    38.8307    13.5317    22.6137
   15   22   30    5   4.14441    3.02045      lb5_b    7.16528     23.541    10.8957    18.3172
   15   23   31    5   10.1726    2.78199      lb5_a    6.07857    21.4285    9.25981    16.8653
   16   25   32    5   2.47093    6.85598          -    36.9172    68.3583    21.5387     29.309
   16   26   33    5    12.155    3.75877          -    11.0964    31.5184     13.673    21.2621
  241  271   34    5    8.0379    6.56268          -    33.8261    73.3759    21.4231    30.9727
  241  242   35    5   4.29655     5.8146          -     26.554    66.0059    19.2459    29.5405
  216  217   36    5   8.78275    3.53747          -    9.82825    29.5254    11.5018    19.5144
  216  218   37    5   9.44426    3.24754          -     8.2832     25.817    10.8996    18.6148
   17   27   38    4   8.45997    3.06805      rb1_b    7.39292      24.96    9.98883    17.9474
   17   75   39    4   9.55711    2.93711      rb1_a    6.77531    22.9821    9.95786     17.491
  126  259   40    4      10.1    2.41488      rb3_b    4.58018    18.3332    7.88558    15.4716
  126  127   41    4   9.76354    3.31843      rb3_a    8.64879    28.7383    10.7103    19.3576
  102  120   42    4   14.1846    3.28674      rb2_a    8.48438    27.4326    10.7218    18.8102
  102  103   43    4   9.84371     3.4199      rb2_b    9.18581    30.5139    11.1896    19.9208
   18  129   44    3   12.5112    7.96193       RLL7    49.7882    97.9802    26.9701    36.6029
   18   28   45    3   7.45503    5.91372        RB6     27.467     62.103    19.0538    28.2908
   19   29   46    4   16.1411    3.46024        RB4    9.40376    30.5593    11.1613    19.7811
   19   30   47    4    21.756    4.54214          -    16.2036    43.7546    14.9774    23.9911
   20   31   48    5   14.9408    1.91548          -    2.88168     13.674    6.24436    13.4344
   20   32   49    5   14.6102     3.1916          -    8.00032    24.5582    10.5047    18.0485
  188  189   50    5   7.93355       3.24      lb2_a    8.24481    26.3551    10.6864    18.5322
  188  190   51    5   7.98502    3.34324      lb2_b    8.77859    30.3615    11.5908    20.3209
   22   34   52    6  0.756719    2.20493          -    3.81838     12.545    6.92699    12.5557
   22   35   53    6   17.9173    2.85178          -    6.38735    22.0889    9.99715    17.4886
   24   36   54    5   21.9948     2.9428      lb4_b    6.80162    20.8347    9.96282    16.6855
   24   37   55    5   9.18516    3.21062      lb4_a    8.09597    25.9194    10.2914    18.2291
   26   38   56    6   5.50164    2.72149          -    5.81706    20.4212    10.5281    18.0767
   26   39   57    6   6.36749     3.4642          -    9.42533    27.0185    12.3613    20.1039
  271  272   58    4   7.81759    4.92047       LB10    19.0153    48.9743    16.0118    25.1759
  271  273   59    6   19.9948    3.33748          -    8.74835    26.4704    11.3757    19.2129
  242  243   60    6   4.35599    4.69998          -    17.3493    44.0994    17.3636    25.3235
  242  244   61    6   1.89235    4.24466          -    14.1506    35.1745     13.335    21.0242
  217  219   62    6   17.4027    2.25963          -     4.0102    14.2094    7.57176    13.6189
  217  220   63    6   13.4904    2.38777          -    4.47789    13.0356    8.01038    13.4105
   27   94   64    5   9.61903    2.50489          -    4.92797    18.3387    8.28448    15.6781
   27   99   65    5   13.9598    1.93498          -    2.94066    10.4039    6.55424    11.7796
   75   76   66    5   4.63472    2.50704          -    4.93644    17.0585    8.28273    15.0294
   75   85   67    5     15.57    2.60178          -    5.31656    17.3613    9.14653     16.069
  248  254   68    6    6.8098    2.32343          -    4.23984    16.4632    7.71951    14.8178
  248  249   69    6   10.0909    2.61824          -    5.38405    16.1974    8.73087     14.798
  103  104   70    5   10.9073    2.30573          -    4.17549    15.7406     7.5553    14.4471
  103  109   71    5   5.13102    2.51625          -    4.97276    17.0719    8.60312    15.0426
   28   40   72    4   13.5981    3.51349      rb6_a    9.69542    29.1997    11.3622    19.5808
   28   41   73    4   15.6699    2.42212      rb6_b    4.60765    17.1725    8.14781    14.9289
   29   42   74    5   10.5283    2.02772      rb4_b    3.22928    13.3624    6.87256    13.4783
   29   43   75    5   6.10483    2.54779      rb4_a    5.09819     17.676    8.42386     15.281
   19  232   76    4    10.533    4.44124        RB5    15.4917    43.2224    14.4081    23.6205
   30   44   77    5   4.86262    3.91234          -    12.0216    35.3068    12.8082    21.7797
   30   45   78    5    13.303    2.22073          -    3.87331    14.4959    7.42942    14.0591
   32   46   79    6   11.0243    2.69146          -    5.68938    18.4252    9.41815    15.8927
   32   47   80    6   2.83853    2.32987          -    4.26337    13.0871     7.3195    12.8241
  192  197   81    7   14.9755    2.38066          -    4.45126    17.2409    8.63504    15.8717
   33  174   82    5   8.49174    3.40421      lb1_b     9.1017    26.8185    11.7858    19.3103
   33  167   83    5   3.14595    3.43078      lb1_a    9.24435    27.5329    12.3883     20.302
   36   48   84    6   4.90308    2.14825          -    3.62458    11.1028    6.74892    11.8119
   36   49   85    6   5.49867    2.50138          -    4.91417    15.0531    7.85833    13.7536
   37   50   86    6   5.02175     2.1516          -     3.6359    13.2155    7.26699    13.7506
   37   51   87    6   9.10476    2.00749          -    3.16516    12.7442     6.5845      12.93
  272  274   88    5   22.4181    1.56045     lb10_b    1.91244    9.31371    5.64155    11.6486
  272  275   89    5     12.98    3.96514     lb10_a    12.3483     37.527    13.5788    22.5266
  273  276   90    4   8.82317    2.92841        LB9    6.73526    18.4686     10.997    16.8833
  273  280   91    4   38.6468    2.65506        LB8    5.53654    17.9873    9.74722    16.9035
   94   96   92    6   16.1929    1.82857          -    2.62612    9.77269    5.74463    11.0818
   94   95   93    6   18.4497    2.41324          -    4.57396    14.5016    8.43262    14.4489
   99  100   94    6    9.2794    2.25758          -    4.00293    12.0227    8.52385    14.4381
   99  101   95    6   5.00591    1.41254          -    1.56708    5.54424    4.43762    8.34691
   76   77   96    6   10.3747    1.58769          -    1.97981    7.19836    5.43263    9.97515
   76   78   97    6   9.32508    1.91622          -    2.88389    11.0076    6.32355    12.0286
   85   86   98    6   12.2374    2.32217          -    4.23524    13.2931    9.49203    15.8061
   85   87   99    6   2.08465    2.11833          -    3.52434    14.8183    7.12374    14.9211
  129  130  100    4   6.30386    7.26953        RLL    41.5052    86.6676    25.2475     34.879
  129  139  101    4   16.2179    2.62831        RB7    5.42555    21.4696    8.94766    16.8479
   40   52  102    5   5.23175    2.23008          -      3.906    17.2859    7.27871    14.9809
   40   53  103    5   2.04795    2.89532          -    6.58391    22.4532    11.0706     18.703
   42   63  104    6   21.9863    2.42296          -    4.61086     14.109    9.38751    15.3055
   42   54  105    6   12.4372    2.37105          -    4.41542    15.2793    8.39631    15.0081
   43   55  106    6   16.6885    1.99791          -    3.13504    9.15465    6.65378     11.061
   43   56  107    6   6.89024    1.82173          -     2.6065    9.62606    6.16947    11.3677
  232  236  108    5    20.145     3.1177      rb5_b    7.63413    24.3948     10.382    17.9863
  232  233  109    5   13.3005    2.40802      rb5_a    4.55419    18.6806     7.9035    15.5741
   44   57  110    6   17.9816    2.65443          -    5.53391    19.3602    9.19184    16.1557
   44   58  111    6   7.91429    2.51797          -    4.97956     16.789    8.30479    15.0923
  174  175  112    6   18.5601    2.73097          -    5.85765    22.3026    9.05652    17.0226
  174  182  113    6    24.783    1.92616          -    2.91391    13.1383    6.55167    13.3186
  167  168  114    6   13.0092    2.03608          -    3.25595     10.734    7.18923     12.643
  167  169  115    6   17.0858    2.24601          -    3.96199    14.6979     7.4841    14.2161
   48   59  116    7   1.79617    1.56822          -    1.93154    5.91669    4.92671    8.62272
   48   60  117    7   10.1338    1.82601          -    2.61876    8.02178    5.73658    10.0402
  275  284  118    6   12.3999    2.28163          -    4.08865    14.2233    7.93802      14.26
  275  277  119    6   6.45746    2.80758          -     6.1909     22.525    9.67278    17.5696
  276  278  120    5   37.2574      2.112      lb9_a    3.50331    12.2529    7.08984    13.1673
  276  279  121    5   12.6981    1.66278      lb9_b    2.17151    10.2272    5.82443    11.9824
   78   81  122    7   16.3805    1.87853          -    2.77158    9.86885    6.21721    11.5075
   78   82  123    7   1.19745    1.39884          -    1.53682    5.86595    4.39458    8.58567
  130  131  124    5   13.6299    3.75693          -    11.0855    30.7634    13.2796    20.5226
  130  132  125    5   6.48223     6.9389          -    37.8156    77.4286    22.6657    31.8203
  139  140  126    5    6.9769     3.0454      rb7_b    7.28414     23.819    10.0287    17.8713
  139  266  127    5    14.747    2.03085      rb7_a    3.23926     13.422    7.04481    13.4283
   53   61  128    6   7.09429    2.14656          -    3.61889    13.1171    7.32747    13.6717
   53   62  129    6   8.28371    1.96624          -    3.03642    12.1625    6.68428    12.8085
   54   64  130    7   4.58181    2.01539          -    3.19014    11.0393    6.33155    11.7781
   54   65  131    7   4.33519    1.73087          -    2.35298    8.14234    5.43768    10.1153
   55   66  132    7   5.81984    1.69823          -    2.26507    6.61423    5.33513    9.11685
   55   67  133    7   3.31532    1.45848          -    1.67066    4.87851    4.58194    7.82976
   56   68  134    7   17.6432    1.54847          -     1.8832    6.95483    4.86466    9.34863
   56   69  135    7   2.01502    1.95651          -    3.00645    12.5144    7.50781     13.531
   57   70  136    7   1.60655    2.25626          -    3.99825    13.9877    7.08826     13.258
   57   71  137    7  0.803273    1.93773          -    2.94902    10.3171    6.08757    11.3863
  175  177  138    7   2.83578    1.99361          -    3.12154    11.8851     6.2631     12.221
  169  172  139    7   2.63979    1.63959          -    2.11134    7.83251    5.15092      9.921
  169  173  140    7   2.64032    1.90911          -    2.86254    10.6192    5.99764    11.5518
  284  285  141    7   4.47436    1.89906          -    2.83247    12.4291    6.67972    12.9353
  284  286  142    7   21.4864     1.8015          -    2.54894    8.98403    5.98852    10.9607
  277  289  143    7   11.3618     2.7054          -    5.74847    21.5911    8.96817     16.758
  277  283  144    7    22.903    1.82727          -    2.62239    8.65926    6.22533    10.9708
  132  145  145    5   10.5465    4.46172        RB8    15.6349     43.618     14.575    23.7652
  132  133  146    6   3.80137    6.51986          -    33.3862    73.7943    21.4072    31.1342
   62   72  147    7   1.96273    1.08143          -   0.918517    3.67916    3.39741    6.79953
   62   73  148    7  0.946175    1.08143          -   0.918517    3.67916    3.39741    6.79953
  175  176  149    7   15.0505     2.3339          -    4.27813    16.7958    7.95391    15.2487
  183  185  150    8   1.51344   0.900481          -   0.636853    2.87146    2.82895    6.00698
  183  186  151    8   3.39619    1.14607          -     1.0316    4.65129    3.60048    7.64525
  145  146  152    6   17.0204    3.57335      rb8_a    10.0286    33.2403    11.9009    20.8929
  145  151  153    6   12.0224    2.79926      rb8_b    6.15426    22.2641    8.94198     16.847
  133  156  154    5   24.1207    4.52539       RB10    16.0843    44.0675    14.7372    23.8961
  133  134  155    5   9.11209     4.4866        RB9    15.8097    44.1118    14.5059     23.799
   62   74  156    7   5.97497    1.37637          -    1.48785    5.95962    4.32398    8.65395
  183  187  157    8   3.00806   0.900481          -   0.636853    2.87146    2.82895    6.00698
  156  160  158    6   4.43022    4.24927     rb10_b    14.1814    40.4383    13.6658    22.7775
  156  157  159    6   16.7723    1.82857     rb10_a    2.62612    8.93835    6.07893    10.9346
  134  135  160    6   14.4141    3.43219      rb9_a    9.25193    31.7827    11.1213    20.2133
  134  136  161    6   18.4877    2.33228      rb9_b     4.2722    13.9663    7.67229    13.5618
  146  148  162    7   33.2938    2.24646          -    3.96356    15.6547    7.59102    14.5284
  160  161  163    7   16.9805     1.7669          -    2.45195    8.98272    6.64087    12.1465
  160  162  164    7   9.17782    3.42787          -    9.22866    28.1579    11.3512    19.2281
  157  158  165    7   10.2111    1.66339          -     2.1731    7.34558    5.88302    10.7482
  157  159  166    7   17.3732    2.13058          -    3.56523    10.1123    7.00518    11.6735
  135  137  167    7    11.721    2.39751          -     4.5145    18.1748    7.74996    15.4195
  135  138  168    7   13.0181    2.58798          -    5.26031    20.4275    8.44728    16.2572
  162  163  169    8   3.08864    2.23068          -     3.9081    16.0739    7.88197    15.2807
  162  164  170    8   12.6003    2.98905          -    7.01708     22.243    9.95358    17.1388
   77   79  171    7   2.00725    1.15902          -    1.05504    3.83601    3.64116    6.94296
   77   80  172    7   6.20611    1.34954          -    1.43041    5.20082     4.2397    8.08427
   81   83  173    8    3.3629    1.59675          -    2.00247    7.13024    5.01635     9.4658
   81   84  174    8   2.10353    1.37133          -    1.47697    5.25911    4.30816    8.12945
   86   88  175    7   2.27016    1.69518          -    2.25696    7.08389    5.32558    9.43498
   86   89  176    7   3.91719    1.97384          -    3.05996    9.60426    6.20102    10.9859
   91   92  177    9   2.61916    1.22477          -    1.17815    3.69784    3.84773    6.81677
   91   93  178    9   13.1702     1.4261          -    1.59732    5.01349    4.48023    7.93734
   89   90  179    8     1.704    1.44091          -    1.63065    5.11811    4.52674    8.01973
   89   91  180    8   5.79366    1.67777          -    2.21082    6.93908    5.27086    9.33804
   95   97  181    7   3.15036    2.05126          -    3.30469    10.4774    6.44422    11.4744
   95   98  182    7   2.93575    1.76167          -    2.43746     7.7279    5.53444    9.85453
  120  245  183    5   1.62622    2.39932          -    4.52133    14.6188    7.53768    13.5538
  120  121  184    5   10.5849    2.79373          -    6.12996    19.8201    8.77675    15.7818
  104  106  185    6   4.59125    3.04935          -    7.30305    17.4933    11.3761    17.1166
  104  105  186    6   9.92569    2.16025          -    3.66519    9.91251    7.07422    11.5848
  105  107  187    7   3.10051    1.55251          -    1.89303     6.9339      5.291    9.65184
  105  108  188    7   11.9262    2.01214          -    3.17985    10.8885    7.03342    13.1082
  109  110  189    6   12.0251    2.06112          -    3.33653    11.2285    6.83874    12.1074
  109  117  190    6   9.69121    1.59469          -     1.9973    7.39054    5.47803    10.0526
  112  113  191    8   7.88633    1.96206          -    3.02354     9.6336      6.164    11.0027
  112  114  192    8   6.11542    1.68507          -     2.2301    7.10553    5.29379    9.44938
  121  122  193    6   2.34794    2.03942          -    3.26666    10.5621    6.40703    11.5207
  121  123  194    6   8.24847    2.37467          -     4.4289      14.32    7.46024    13.4146
  123  124  195    7   3.26711    2.01847          -    3.19988    10.3462     6.3412    11.4024
  123  125  196    7   1.38118    1.73351          -    2.36016    7.63112    5.44598    9.79263
  110  111  197    7   1.81853    1.96177          -    3.02263     10.493    6.87107    12.1155
  110  112  198    7   8.56084    2.30831          -    4.18483    13.3337    7.68487    13.3844
  113  115  199    9    6.1623    1.66775          -    2.18451    6.96027     5.2394    9.35229
  113  116  200    9   3.26893    1.43231          -    1.61124    5.13374    4.49972    8.03197
  117  118  201    7   14.3458    1.35549          -    1.44305    5.33967    4.25839    8.19147
  117  119  202    7   3.03645     1.4297          -    1.60539    6.23183    4.93752    9.19322
  245  246  203    6    14.635     1.7515          -    2.40941    7.79038    5.50251    9.89428
  245  247  204    6    21.989    2.03942          -    3.26666    10.5621    6.40703    11.5207
  127  128  205    5   3.34133    2.85239          -    6.39012    22.0459     9.3578    17.0084
  127  248  206    5    8.4413    3.09766          -    7.53627    24.1979    10.0821    17.6958
  254  255  207    7   4.29319    2.15749          -    3.65583    10.5871    7.28762    12.1566
  254  256  208    7   18.2996    1.97492          -    3.06328    11.8947    6.20438    12.2259
  256  257  209    8   7.48182    1.67868          -    2.21322    8.59389    5.27373     10.392
  256  258  210    8   4.49655    1.44169          -    1.63242    6.33867     4.5292    8.92491
  249  250  211    7   10.2343    2.12272          -    3.53896    13.8962     7.2595    13.9015
  249  251  212    7   1.38118    1.91132          -    2.86916    8.63159    6.00458    10.4148
  250  252  213    8   16.7398    2.00578          -    3.15978    9.95416    7.52625    12.8611
  250  253  214    8   2.36011    2.65606          -    5.54073    17.3183    10.2333    17.1917
  259  260  215    5   11.1827    2.14043          -    3.59826    14.5157    7.15482    14.4168
  259  261  216    5   9.10844    1.76287          -    2.44078    9.76976    5.53821    11.0802
  260  262  217    6   1.28138    1.56251          -    1.91751    7.73542    4.90879    9.85932
  260  263  218    6   5.52216    2.29088          -    4.12186    13.2466    7.82963    14.0914
  266  267  219    6   1.60655    1.48252          -     1.7262    7.15258    4.65748    9.48061
  266  268  220    6   10.7056      1.624          -    2.07139    8.83567    5.54903    11.2887
  140  141  221    6   2.98381    2.41605          -    4.58462    18.7096    8.11944    16.0192
  140  142  222    6   7.03591    2.58859          -    5.26279    17.2092    8.13229    14.7057
  142  143  223    7   2.81615     2.2003          -    3.80237    12.4337    6.91245    12.4998
  142  144  224    7   2.17112    1.88967          -    2.80454     9.1708    5.93657    10.7352
  146  147  225    7   3.24906    3.27828          -    8.44076    25.6382    11.4155    18.6035
  148  149  226    8   3.02868    1.90949          -    2.86367    11.3105    5.99883    11.9219
  148  150  227    8   2.72216    1.63991          -    2.11218    8.34239    5.15194    10.2388
  151  152  228    7   11.9345    1.84495          -    2.67337    9.27886    6.15501    11.1142
  151  153  229    7   7.76964    1.75522          -    2.41966    8.79583     6.0903    11.4749
  152  154  230    8   1.81853    1.34681          -    1.42464     4.9447    4.23114     7.8827
  152  155  231    8   17.5394    1.56821          -    1.93151    6.70398    4.92667    9.17849
  164  165  232    9   11.4408     2.1621          -    3.67149    12.7405    7.76272    13.8178
  164  166  233    9   14.5062    2.12772          -    3.55565    13.4275    7.19744    13.8187
  168  170  234    7   2.88891    1.73066          -    2.35242    7.75531    5.43704    9.87199
  168  171  235    7   1.28138    1.48634          -     1.7351    5.72015    4.66946     8.4783
  176  178  236    8   10.5561    1.98381          -    3.09095     12.135    6.23234    12.3488
  176  179  237    8   2.98756    1.70375          -    2.27982    8.95048    5.35248    10.6054
  178  180  238    9    7.0381    1.68624          -    2.23321    8.76751    5.29749    10.4965
  178  181  239    9   1.62622    1.44818          -    1.64717    6.46672    4.54961    9.01461
  182  183  240    7   17.5673    1.63724          -     2.1053    9.49242    5.14354    10.9218
  182  184  241    7   7.43243     1.4061          -    1.55282     7.0014    4.41739    9.37988
  189  191  242    6   11.1752      2.754          -    5.95688    19.0416    8.65195    15.4688
  189  192  243    6   9.97314    2.60371          -    5.32446    19.2427     9.0777    16.3471
  191  194  244    7   1.60655    2.01042          -    3.17442    10.1472    6.31593    11.2922
  191  195  245    7   13.2236     2.3409          -    4.30384    13.7575    7.35416    13.1485
  195  200  246    8   1.79617    1.98977          -    3.10953    9.93981    6.25104    11.1762
  195  201  247    8   1.16185    1.70886          -    2.29352    7.33139    5.36854    9.59838
  192  196  248    7   3.65347    1.90071          -     2.8374    10.2544    5.97125    11.3517
  197  202  249    8    3.1928    1.73788          -    2.37208    9.18768    5.45971     10.745
  197  203  250    8   4.66065    2.02356          -    3.21604    12.4566    6.35719    12.5113
  203  206  251    9   3.24975    1.72002          -    2.32359    8.99986    5.40361    10.6346
  203  207  252    9   2.99112     1.4772          -    1.71383     6.6381    4.64075    9.13328
  190  193  253    6   22.3225    1.73977          -    2.37725    8.63188    5.81732    10.9078
  190  208  254    6    8.0932    2.19289          -    3.77681     14.943    7.26893    13.9575
  193  198  255    7   8.28946    1.47881          -    1.71756    6.23653    4.64581    8.85272
  193  199  256    7   3.29705    1.27003          -    1.26684    4.59993    3.98993    7.60292
  198  204  257    8   3.15772    1.25699          -    1.24094     4.5059    3.94894    7.52481
  198  205  258    8   1.89235    1.07953          -   0.915289    3.32345    3.39144    6.46248
  208  209  259    7   1.51344    1.60081          -    2.01266    7.96312     5.0291    10.0034
  208  210  260    7   10.5314    1.89342          -    2.81569    10.0882    6.28071    11.5441
  209  211  261    8   1.16185    1.16859          -    1.07255    4.24355    3.67124    7.30247
  209  212  262    8   1.38118    1.36069          -    1.45415    5.75336    4.27474    8.50287
  210  213  263    8   3.54527     1.3822          -    1.50048      5.376     4.3423     8.2193
  210  214  264    8   7.56718    1.60941          -    2.03434    7.28872    5.05611    9.57041
  219  223  265    7   4.77452    1.92069          -    2.89737    10.2663    6.03402    11.3583
  219  224  266    7   2.88496    1.64953          -    2.13704    7.57219    5.18216    9.75474
  218  221  267    6   2.76698    3.30551          -    8.58159    23.9082    12.5328    19.6926
  218  222  268    6   7.33081     2.7393          -    5.89343    21.4142     9.1448    16.7436
  222  225  269    7   11.1132    2.29123          -    4.12314    16.0798    7.99517    14.8993
  222  226  270    7   8.03642    1.76778          -    2.45441    9.04631    6.10871    11.0377
  225  227  271    8   8.19421    1.94755          -    2.97897    11.6177     6.1184    12.0827
  225  228  272    8   1.94918     1.6726          -    2.19722    8.56893    5.25463    10.3769
  229  230  273    5   13.5729    2.15403          -    3.64411     12.312    7.81786    13.4015
  229  231  274    5   3.60309    2.25841          -    4.00586    16.6512    7.62108    15.0346
  233  234  275    6   25.6659     1.9501          -    2.98678    12.1237    6.84089    13.0146
  233  235  276    6   6.19891    1.82221          -    2.60787    11.8329     6.3379    12.6798
  236  237  277    6   23.3186    2.27592          -    4.06823         13    7.15003    12.7813
  236  238  278    6   36.5243    2.04262          -    3.27691    10.3731    6.77829    11.9414
  238  239  279    7   7.96426    1.73623          -    2.36757    7.49456    5.45451    9.70461
  238  240  280    7   4.71495    1.49111          -    1.74627    5.52782    4.68447    8.33455
  285  287  281    8   1.81853    3.08334          -    7.46678     20.632    13.0499    20.4027
  285  288  282    8   2.92897    2.16909          -    3.69525    13.1237    7.24005    13.5187
  289  290  283    8    19.933    2.38835          -    4.48008    15.5159    8.01177    14.4162
  289  291  284    8   12.9876    1.46601          -    1.68797    7.48342    5.03684    10.0704
  290  292  285    9   6.04564    2.15648          -    3.65243    13.7714    7.22081     13.618
  290  293  286    9   4.67956     1.7435          -    2.38743    8.26842    5.47735    10.1933
  291  294  287    9   2.91906    2.01717          -    3.19578    14.2801    6.94083    13.9779
  291  295  288    9   12.5153     1.9748          -    3.06293    12.2714    7.85961    13.0891
  261  264  289    6   5.39879    1.49844          -    1.76346    7.05865    4.70747    9.41816
  261  265  290    6   2.36633    1.28689          -    1.30069    5.20631    4.04289    8.08853
  268  269  291    7   13.8824     1.3804          -    1.49658    6.38377    4.33665    8.95661
  268  270  292    7   2.24601    1.18552          -    1.10384    4.70853    3.72442    7.69215
  279  281  293    6   2.10353    1.21383          -     1.1572    5.45007    3.81337    8.27573
  279  282  294    6   7.43032    1.83034          -    2.63119    9.09158    6.66327    11.6323
