Title="AUS00801_IN0_Central_1D_withDiameter"
Vertex = "x","y","z","bpName"
Link = "bp0","bp1", "id","generation","length","diameter", "name","InArea","OutArea","InPeri","OutPeri"
N=326, E=325
        138.024         119.848             0.5 unnamed
        134.616         158.472            98.5 unnamed
         173.24         169.264             133 unnamed
        182.328         160.176           131.5 unnamed
        181.192          173.24           142.5 unnamed
        118.712         163.584           118.5 unnamed
        186.304         155.064             122 unnamed
        193.688         151.656           140.5 unnamed
        185.736         172.104           155.5 unnamed
        109.056         166.424             145 unnamed
        186.872         145.408             115 unnamed
        188.008           156.2             120 unnamed
        198.232         148.248           140.5 unnamed
         190.28          173.24             163 unnamed
        107.352         169.832           149.5 unnamed
         98.264          153.36           152.5 unnamed
        102.808         163.016             115 unnamed
        185.736         140.864           109.5 unnamed
         190.28         137.456           114.5 unnamed
        188.008           156.2             104 unnamed
        207.888         147.112             141 unnamed
        209.592         131.208             140 unnamed
          198.8         144.272           152.5 unnamed
        105.648         175.512             150 unnamed
         95.424         143.704           152.5 unnamed
         95.992         147.112             159 unnamed
         84.632         148.248           154.5 unnamed
          96.56           156.2             110 unnamed
        193.688         135.752             113 unnamed
        191.416         109.624             117 unnamed
        189.144         153.928            96.5 unnamed
        218.112          147.68           136.5 unnamed
        213.568          144.84           144.5 unnamed
        217.544         113.032             146 unnamed
        218.112         123.824           134.5 unnamed
        199.936         136.888             160 unnamed
        210.728         135.184             165 unnamed
         110.76         189.712           143.5 unnamed
         97.696         186.304           149.5 unnamed
         92.584         132.912           155.5 unnamed
         95.992         143.704             154 unnamed
         93.152          133.48             170 unnamed
         74.408          102.24           193.5 unnamed
         78.384         148.248           153.5 unnamed
          76.68         144.272             160 unnamed
         95.424         154.496            97.5 unnamed
        194.824         111.328             117 unnamed
        189.712         105.648             116 unnamed
        111.328          195.96           143.5 unnamed
        109.056         189.144             143 unnamed
          93.72         185.736             149 unnamed
         97.128          187.44           149.5 unnamed
         91.448          122.12           163.5 unnamed
         91.448         128.368             155 unnamed
         59.072         136.888             146 unnamed
         63.616         153.928           151.5 unnamed
         66.456         142.568             167 unnamed
          184.6          97.128             116 unnamed
        189.144          105.08           117.5 unnamed
        111.328         206.752           139.5 unnamed
        111.896         196.528             145 unnamed
         93.152         193.688           151.5 unnamed
          93.72         191.984             147 unnamed
         87.472         120.416             154 unnamed
         93.152         108.488             159 unnamed
         56.232          136.32           144.5 unnamed
         59.072         135.184           146.5 unnamed
         60.208         155.632           150.5 unnamed
         60.776           156.2             153 unnamed
         63.048         143.136           168.5 unnamed
         64.752         140.864           169.5 unnamed
          65.32         132.912             164 unnamed
         80.088          204.48           157.5 unnamed
         91.448         209.592             158 unnamed
         92.016         191.416             147 unnamed
          88.04         206.184           144.5 unnamed
         86.336          119.28           154.5 unnamed
          88.04         120.984           153.5 unnamed
         94.288         109.624             158 unnamed
         93.152         106.216           160.5 unnamed
         89.176         117.576             155 unnamed
         89.744         154.496              91 unnamed
         81.224         146.544              83 unnamed
         78.384         142.568            75.5 unnamed
          76.68         143.136              83 unnamed
         76.112         143.704              74 unnamed
         78.384         140.864            74.5 unnamed
         84.064         157.904              86 unnamed
          82.36         160.744            79.5 unnamed
         67.592         162.448            83.5 unnamed
         78.952         165.856            70.5 unnamed
         84.064         162.448            79.5 unnamed
         80.088         166.992              69 unnamed
         71.568         170.968            67.5 unnamed
          96.56         152.224              89 unnamed
         98.264         152.792            85.5 unnamed
        103.376          159.04            61.5 unnamed
        104.512         155.632            80.5 unnamed
         102.24         158.472            58.5 unnamed
         105.08         160.176              61 unnamed
        106.216         153.928            80.5 unnamed
        103.944         156.768            79.5 unnamed
        107.352         153.928              81 unnamed
        106.784         152.792            79.5 unnamed
         92.584         148.248           109.5 unnamed
         91.448          139.16             108 unnamed
         92.016         135.184           111.5 unnamed
         98.832         168.128           112.5 unnamed
         85.768         173.808           112.5 unnamed
        103.944         170.968             160 unnamed
         102.24         172.104           165.5 unnamed
         105.08          181.76           173.5 unnamed
        109.056         184.032           177.5 unnamed
        103.944          190.28           177.5 unnamed
         98.832         172.672             172 unnamed
         98.832         174.944           177.5 unnamed
          90.88         170.968             179 unnamed
         92.584         177.216             183 unnamed
         80.088         165.288             191 unnamed
         84.632         172.104             181 unnamed
         81.224         190.848             185 unnamed
         84.064         179.488           195.5 unnamed
         72.704         162.448             198 unnamed
         78.952          161.88           190.5 unnamed
         82.928         171.536           179.5 unnamed
         78.952          193.12             184 unnamed
          82.36         192.552             186 unnamed
          82.36         179.488             196 unnamed
         80.656         185.168             208 unnamed
         68.728         163.584             200 unnamed
        186.872         157.904             102 unnamed
        186.304         157.336              96 unnamed
        186.304         168.696              90 unnamed
          184.6           170.4            90.5 unnamed
         195.96         160.744             108 unnamed
        199.368         163.016             101 unnamed
          96.56             142            76.5 unnamed
         97.128         140.296              77 unnamed
          93.72         134.616              64 unnamed
          93.72         132.912              64 unnamed
         94.288         134.616              62 unnamed
         84.064         174.376             114 unnamed
         78.952         174.376             116 unnamed
          73.84         185.168           117.5 unnamed
             71         186.304           115.5 unnamed
         69.296         189.712             119 unnamed
         98.264         177.216             106 unnamed
           99.4          178.92             102 unnamed
         97.128         182.896              92 unnamed
         95.424         186.872           106.5 unnamed
         105.08         182.896              96 unnamed
         98.832         181.192            91.5 unnamed
         94.856          187.44            84.5 unnamed
         98.264          190.28           107.5 unnamed
        106.784         185.168              96 unnamed
        108.488         189.144            85.5 unnamed
         94.856         188.576            77.5 unnamed
         91.448         191.416            82.5 unnamed
         90.312         195.392             104 unnamed
         110.76         188.576              84 unnamed
        109.056         198.232            78.5 unnamed
         95.992         189.144            74.5 unnamed
         93.152         189.712              76 unnamed
         89.176         195.392             102 unnamed
         87.472          201.64             105 unnamed
          90.88         132.344           106.5 unnamed
         89.744          124.96           101.5 unnamed
          90.88          122.12           106.5 unnamed
         91.448         111.328              91 unnamed
         84.632         123.824              99 unnamed
         92.016         111.328             108 unnamed
          88.04         118.144           107.5 unnamed
         94.288         106.784            86.5 unnamed
         89.744         109.624            90.5 unnamed
        100.536          93.152           106.5 unnamed
         89.176          95.992           115.5 unnamed
         95.992         106.216              86 unnamed
         97.128         101.672            82.5 unnamed
        101.672          90.312           107.5 unnamed
        101.672           90.88           105.5 unnamed
         84.632         145.408           111.5 unnamed
         78.384         141.432             114 unnamed
         73.272          144.84           108.5 unnamed
             71         139.728             116 unnamed
         76.112         137.456             116 unnamed
         67.024         149.384             107 unnamed
         71.568         143.704           107.5 unnamed
         77.816         176.648             107 unnamed
         69.864         183.464           101.5 unnamed
         80.088         177.216             106 unnamed
        106.216          167.56           176.5 unnamed
         105.08         165.288             182 unnamed
        113.032         168.128           194.5 unnamed
        105.648         161.312             188 unnamed
        101.672          164.72             186 unnamed
          68.16         159.608             202 unnamed
         52.824         153.928             212 unnamed
         54.528         160.744             207 unnamed
          45.44         148.248           213.5 unnamed
         51.688         154.496             214 unnamed
         78.952          173.24             183 unnamed
         73.272         177.216           182.5 unnamed
         67.024         172.672           187.5 unnamed
          65.32         172.104             187 unnamed
         61.344         173.808             192 unnamed
           99.4         186.304           198.5 unnamed
         94.856         199.936             208 unnamed
         84.632         214.136           220.5 unnamed
          96.56         206.752             210 unnamed
        101.104          187.44             202 unnamed
        100.536          190.28             212 unnamed
        108.488         196.528             214 unnamed
        101.104         194.824             224 unnamed
         98.264          193.12             215 unnamed
        100.536         197.664           229.5 unnamed
         102.24         194.256             225 unnamed
        186.304         174.376              84 unnamed
        186.304          176.08              84 unnamed
        185.736         177.784              77 unnamed
        191.984         157.904            72.5 unnamed
        195.392          159.04            67.5 unnamed
        188.576         163.584            56.5 unnamed
        186.872         168.128            51.5 unnamed
        184.032         159.608            46.5 unnamed
        189.712         143.704              81 unnamed
        186.872         135.184              69 unnamed
        191.984             142            79.5 unnamed
        188.008         131.208              67 unnamed
        182.328          130.64            60.5 unnamed
        173.808         126.664              53 unnamed
        182.328         127.232              56 unnamed
        203.912         159.608            92.5 unnamed
        202.776         157.904            92.5 unnamed
        212.432           156.2            83.5 unnamed
        214.136         154.496              81 unnamed
        214.136         157.336              83 unnamed
        202.776         168.696            94.5 unnamed
         204.48         172.104            94.5 unnamed
        207.888         177.784              83 unnamed
        214.704         179.488            80.5 unnamed
        207.888         181.192              80 unnamed
        205.616         183.464              73 unnamed
        208.456           184.6              79 unnamed
        203.912         161.312             106 unnamed
         210.16         165.856             106 unnamed
        222.088         149.952             102 unnamed
        219.816         170.968           104.5 unnamed
        211.296         168.128           107.5 unnamed
        222.656         148.248           102.5 unnamed
         230.04         151.656           100.5 unnamed
        231.176          173.24             111 unnamed
        224.928         174.944             101 unnamed
        184.032          178.92           140.5 unnamed
        185.736         180.624           141.5 unnamed
        191.984         186.304             139 unnamed
        186.872         188.008             147 unnamed
        194.256         184.032             139 unnamed
        196.528         190.848             137 unnamed
        185.736         188.008           150.5 unnamed
        191.984         201.072             155 unnamed
         207.32          195.96             138 unnamed
        200.504           198.8             134 unnamed
        191.416         205.048             155 unnamed
        197.096         207.888           162.5 unnamed
         201.64          207.32             136 unnamed
        207.888         207.888             128 unnamed
        207.888         209.592             128 unnamed
        208.456          207.32           126.5 unnamed
        186.872         182.896           134.5 unnamed
        185.168          187.44             133 unnamed
        190.848         194.256           122.5 unnamed
        184.032          187.44           131.5 unnamed
          184.6         189.144           134.5 unnamed
        191.984         175.512           169.5 unnamed
        194.256         180.056           176.5 unnamed
        203.912         172.104             188 unnamed
        202.776         189.144             182 unnamed
        194.824           184.6           189.5 unnamed
         210.16         170.968             193 unnamed
        206.752          173.24             195 unnamed
        206.184          195.96           184.5 unnamed
        219.248          195.96           192.5 unnamed
        194.824          193.12           198.5 unnamed
        197.096         185.736           195.5 unnamed
        216.976         168.128             201 unnamed
        222.088         172.672           197.5 unnamed
        212.432          176.08             202 unnamed
        206.184         171.536             196 unnamed
        207.888           198.8           183.5 unnamed
        206.752         199.368             186 unnamed
        193.688          193.12             200 unnamed
        196.528         196.528             201 unnamed
        202.208          190.28           204.5 unnamed
        197.096         186.304             208 unnamed
        216.408         168.128           202.5 unnamed
         218.68         166.992           202.5 unnamed
        211.864         177.784             202 unnamed
        216.976         177.216             208 unnamed
        203.344         196.528             210 unnamed
        203.912         191.984             207 unnamed
        229.472         163.584           212.5 unnamed
        217.544         165.288           203.5 unnamed
        203.344         195.392           210.5 unnamed
         204.48         198.232           212.5 unnamed
         207.32         200.504             216 unnamed
        203.344         197.664           213.5 unnamed
        189.712         165.288           169.5 unnamed
        194.824         164.152           184.5 unnamed
        193.688          164.72           193.5 unnamed
        197.664          161.88           187.5 unnamed
        193.688         165.856             194 unnamed
        192.552          161.88           203.5 unnamed
        203.912         155.632             186 unnamed
        209.592          153.36             189 unnamed
        220.384          139.16             210 unnamed
        212.432         152.224           187.5 unnamed
        229.472          144.84           200.5 unnamed
        230.608         143.136             202 unnamed
        231.176         144.272           199.5 unnamed
        200.504         173.808           163.5 unnamed
        211.296         171.536             168 unnamed
        216.976         168.696             169 unnamed
        215.272          173.24           168.5 unnamed
        206.752         177.216             162 unnamed
        218.112         192.552           165.5 unnamed
        220.952         180.056           156.5 unnamed
    1    2    1    0   110.257    16.2007    Trachea    206.138    352.321     51.655     67.484
    2    3    2    1   55.3655    11.5258        LMB    104.335    174.512    37.6216    47.9557
    2    6    3    1   26.6717    13.3098        RMB    139.134    270.342    44.9963    61.1926
    3    4    4    2   13.0542    8.60091        LUL    58.1003    116.632    27.4368    38.5731
    3    5    5    2   13.6965    8.36185       LLB6    54.9155    113.165    26.8079    38.0972
    4    7    6    3   12.2438    6.06093          -    28.8515    69.0406    19.4622    29.7343
    4    8    7    3   17.2932    6.11965      LB4+5    29.4133    68.0141    19.8868    29.6968
    5  253    8    3   6.82079    6.74308        LB6    35.7114    78.0365    21.5272    31.5638
    5    9    9    3   14.4993     6.9296        LLB    37.7143    78.6046    22.2615    31.7843
    6   10   10    2   29.6917    10.2042    BronInt    81.7806    144.212    34.9521    44.9001
    6   17   11    2   16.7835    8.04295        RUL    50.8066    103.678    27.9525    38.2164
    7   11   12    3   12.2081    4.82879        LB3    18.3133    48.2181    15.3254    24.7213
    7   12   13    3   2.89113    6.40621      LB1+2    32.2324    77.3023    23.0589    33.8901
    8   13   14    4     5.813    4.92162        LB4    19.0242    47.2563    16.6201    25.2912
    8   23   15    4   15.5989    3.80809        LB5    11.3895    36.0773      12.62    21.7017
  253  269   16    4   7.81111     3.3398      lb6_b    8.76056    27.9948    10.8638    18.9772
  253  254   17    4   2.63625      6.032      lb6_a    28.5767    63.2827    21.0377    30.1025
    9  307   18    4   17.7022     4.0383          -    12.8082     34.077    15.1676     22.525
    9   14   19    4   9.28718      6.575          -    33.9533     74.951    21.5229     31.333
   10   15   20    3   5.98806     9.5128          -    71.0733    128.447    30.8116    40.8893
   10   16   21    3    19.595    6.35667      RB4+5    31.7358    72.5562    21.0698    31.0423
   11   18   22    4    8.0256    3.48964      lb3_a    9.56427    26.4128    12.1557    19.0552
   11   19   23    4   9.10741    3.79479      lb3_b    11.3101    34.4755    12.8634     21.403
   12   20   24    4   17.0036    3.99164        LB1    12.5139    33.8513    13.7312    21.7021
   12  135   25    4   15.4531    3.33006        LB2     8.7095    31.1973    11.0027    20.1425
   13   21   26    5    10.032    3.21982      lb4_a    8.14242    25.9165    10.3313    18.2562
   13   22   27    5   20.7964    2.94838      lb4_b    6.82743    20.7021    9.88235    16.5372
  254  255   28    5   9.10815     3.2935          -    8.51934    28.9852    11.0105    19.6755
  254  256   29    5   9.51904    2.91078          -    6.65439    23.6004    9.47002    17.4235
   14  320   30    5   10.7973    4.02835          -    12.7451    37.1537    13.7499    22.3758
   14  274   31    5    8.0671    6.29552          -    31.1281    69.7443    20.6273    30.2059
   15  110   32    3   11.7849     7.6587       RLL7    46.0681    93.2756     24.993    34.9223
   15   24   33    3   6.06697    6.94434        RB6     37.875    68.4494    21.8163    29.3285
   16   25   34    4   10.4814    4.46756          -    15.6758    42.9145    14.7117     23.767
   16   26   35    4   9.53242    4.64666        RB5    16.9579    45.7572    14.9118    24.2019
   16   27   36    4   15.3834    3.52218        RB4    9.74343    29.1286    11.3309    19.2945
   17   28   37    3   10.6256     5.6117          -    24.7331    58.4016    17.9848    27.3272
   17  108   38    3   5.24209    5.19915        RB2    21.2302    52.7392    16.9157    26.1396
   19   29   39    5   4.21496     2.7702          -    6.02715     18.372    8.70284    15.1944
   19   30   40    5   28.8942    2.91658          -    6.68095    21.8919    10.7859     17.744
   20  131   41    5   2.95433    3.73439      lb1_a    10.9529    27.7525    12.7494    20.2849
   20   31   42    5   8.38267    3.78468      lb1_b    11.2499    31.3228    13.5951    20.9426
  135  244   43    5   8.49355    2.82163      lb2_b    6.25304    22.1855     9.4786    17.2899
  135  136   44    5    8.5583    2.97817      lb2_a    6.96609    23.6451    9.81046    17.5924
   21   32   45    6    11.265    1.94985          -    2.98601    10.6805    6.47595    11.8357
   21   33   46    6   7.25315     2.1607          -    3.66674    12.6017    7.04588    13.0857
   22   34   47    6   21.1242    2.37522          -    4.43095    16.5954    8.04063    15.0303
   22   35   48    6    12.614    2.20599          -    3.82205    12.6583    7.36338    13.0988
   23   36   49    5   12.7875    2.79475      lb5_b    6.13444    20.9865    9.73314    17.0631
   23   37   50    5   20.2371    2.68736      lb5_a    5.67206    20.1911    10.6952    17.9008
  258  261   51    7   12.2815     1.7953          -    2.53141    9.18341    6.05227    11.2514
  258  262   52    7    9.6059    2.41696          -    4.58804    15.8447    8.11742    14.5783
  307  308   53    5   17.0838    3.19803          -    8.03259    25.9142    11.3529      18.99
  320  321   54    6   12.0262    2.55161          -    5.11352    17.7149    8.52511    15.3242
  320  324   55    6   7.45942    2.38836          -     4.4801    18.5712    7.80671    15.4995
  274  275   56    4   9.02084    4.68708       LB10    17.2542    46.1768    15.6846    24.7428
  274  276   57    6   23.3907    3.69847          -    10.7432    34.4978    12.4068    21.3148
  110  111   58    4   6.08515    7.20397        RLL      40.76    83.4348    23.7315    33.2219
  110  191   59    4    19.548    2.54705        RB7    5.09523    20.7245    8.35826    16.3812
   24   38   60    4   16.7022    2.59676      rb6_b    5.29606    17.8198    8.70298    15.2055
   24   39   61    4   13.7114    3.65363      rb6_a    10.4843     29.964    11.8365    19.8336
   25   40   62    5   11.7602    4.41297          -    15.2951    42.3768    14.5872    23.5925
   25   41   63    5   1.66185    3.26132          -    8.35363    22.8691    10.2457    16.9523
   26   42   64    5   17.9493    2.23109      rb5_a    3.90953     14.919     7.3211    14.0607
   26   43   65    5   61.6597    2.16181      rb5_b    3.67051    11.7738    7.28301    12.6894
   27   44   66    5   6.39888    2.67745      rb4_a    5.63032    18.3295    8.89143    15.5781
   27   45   67    5   10.5575    2.20529      rb4_b    3.81964    12.6495    7.30384    13.1554
   28   46   68    3   12.9068    3.22378        RB1    8.16243    29.7439    10.6032      19.64
   28  105   69    3    9.1895    4.35225        RB3    14.8771    42.5547    14.2282     23.476
  108  109   70    4   14.5798    3.36917      rb2_a    8.91527    24.2443    10.8795    17.6392
  108  147   71    4   11.4039    3.52144      rb2_b    9.73938     33.079    11.4364    20.6574
   30   47   72    6   3.82208     2.1291          -    3.56028    11.6662    6.68878    12.1079
   30   48   73    6   4.54605    2.47909          -    4.82699    15.8169    7.78831    14.0983
  131  132   74    6   6.38839    2.77396          -    6.04353     16.364    10.1951    14.9839
  131  133   75    6   16.5938    2.52594          -    5.01112    16.7139    8.79278    15.4173
   31  220   76    6   25.0325    2.19775          -    3.79355    11.7841    7.79365    12.7864
   31  225   77    6   18.9761    3.10654          -    7.57956    24.7427    10.3409    18.0087
  136  232   78    6   10.6609    2.53145          -      5.033    17.0836    7.95277    14.6519
  136  237   79    6   9.49839    2.50235          -    4.91798    18.9347    8.52604    16.0051
  275  277   80    5   13.8862    2.48514     lb10_b    4.85057    14.3224    8.15349    13.5982
  275  278   81    5   14.2305    4.24861     lb10_a     14.177    41.1507    13.7086    22.9661
  276  279   82    4   8.20181    2.42504        LB8    4.61879     18.196    8.05334    15.6282
  276  280   83    4   8.10627     2.7804        LB9     6.0716    21.7216    9.34886    16.9951
  111  115   84    5   7.73378    6.86457          -    37.0098    79.7899    22.1239    32.0563
  111  112   85    5   13.4379    3.30159          -    8.56125    26.8384    11.0857    18.8625
  191  192   86    5   6.22153    2.78608      rb7_b    6.09646    21.4332    9.05031    16.7284
  191  193   87    5   19.7987     2.2633      rb7_a    4.02324    12.3804    7.91635    13.5243
   38   49   88    5   6.54375    2.64796          -    5.50696    18.9489    9.05525    16.3101
   38   50   89    5   2.06336    1.89563          -    2.82227    9.49617    5.95531    10.9239
   39   51   90    5   4.10436    2.32232          -     4.2358    17.5076    7.61155    15.0742
   39   52   91    5   1.28138    2.66715          -    5.58708    15.9678     8.3791    14.1654
   40   53   92    6    14.046    2.15807          -     3.6578    13.8092    7.22324    13.7331
   40   54   93    6   4.85481    4.06041          -    12.9488    36.0006    13.2449    21.9949
   44   55   94    6   24.1384    2.00998          -    3.17302    10.0698    6.62328    11.4758
   44   56   95    6   16.2513    2.00317          -    3.15155    10.8068      6.637    11.9514
   45   57   96    6    12.787    2.36492          -    4.39262    15.3793    8.67882    15.2057
   45   72   97    6   17.0714     1.8745          -    2.75969    9.13926    5.88891    10.7167
   46   82   98    4   8.75705    2.91399      rb1_a    6.66908    22.9787    9.48118    17.3014
   46   95   99    4   9.21401    2.79887      rb1_b    6.15254     21.798    9.25657    16.9035
  105  106  100    4   9.61699    3.17859      rb3_a     7.9352    24.4547    10.3246    17.8802
  105  181  101    4   8.99509    2.84335      rb3_b    6.34964    21.2084     9.6641    16.7242
  109  188  102    5   10.3079    2.50468          -    4.92715    15.6128     8.1448    14.2575
  109  142  103    5   2.38294    2.82472          -    6.26671    21.2042    9.62761    17.2718
  147  148  104    5   4.64156    2.68659          -     5.6688    21.3612    8.97246    16.7208
  147  150  105    5   10.6365    2.99323          -     7.0367    23.8996     9.4035    17.3301
   48   58  106    7   10.1967    2.10723          -     3.4875    11.4277    6.62006    11.9835
   48   59  107    7   1.79983    1.80974          -     2.5723    8.42882    5.68546    10.2917
  220  222  108    7   17.6076    1.86809          -    2.74084    8.51401    5.86877    10.3436
  220  221  109    7   6.58048    1.60436          -    2.02158    6.27975    5.04023    8.88333
  225  226  110    7   15.2686    2.46459          -    4.77068    17.3331    8.29662    15.6053
  225  227  111    7   3.22711    2.26777          -    4.03915    13.1854    7.12442    12.8722
  237  239  112    7   15.7631      2.127          -    3.55324    13.6803    6.68217    13.1115
  277  281  113    6   8.25995    1.74888          -     2.4022    8.82092    5.86905      11.09
  277  282  114    6   21.5108    1.73881          -    2.37461    8.84271    5.77762    10.9071
  278  283  115    6   12.7044    2.42753          -    4.62828    15.7672    8.03228    14.6257
  278  284  116    6   6.99605    3.26982          -    8.39728    27.2381    10.7207    18.7846
  279  285  117    5   11.0554    2.01878      lb8_b    3.20088    12.7851    6.57798    12.8947
  279  286  118    5   13.3992    2.06129      lb8_a    3.33708    13.1466    6.47572    12.8532
  280  287  119    5   9.80106    2.30125      lb9_a    4.15926    15.9074    7.60214    14.6197
  280  288  120    5    2.0868    2.89489      lb9_b    6.58192    20.5311      10.31    17.1311
  115  116  121    6   6.28092    6.12647          -    29.4788    68.0416    20.3151    30.0087
  115  117  122    5   11.3828    4.63247        RB8    16.8545    45.5807      15.08    24.2866
  112  113  123    6   6.18037    2.53761          -    5.05753    15.2792    8.25204    14.2378
  112  114  124    6   9.69341    2.43127          -    4.64254    15.0562     7.9691    13.9563
   49   60  125    6   11.8653    2.25076          -    3.97878    13.6906    7.07098    13.1164
   49   61  126    6   1.79983    1.93301          -    2.93466    10.0979    6.07273    11.2647
   52   62  127    6   7.80923    2.61928          -    5.38832    18.5233     8.7785    15.8321
   52   63  128    6   6.35637    2.35313          -    4.34892    14.8443    7.80816    13.9785
   54   64  129    7   9.91442    2.26852          -    4.04181    14.9683    7.55542    14.5057
   54   65  130    7   20.9791    2.66867          -    5.59343    19.1394    9.02132    15.8946
   55   66  131    7    3.3042    1.70848          -    2.29251    7.27543    5.36735    9.56168
   55   67  132    7   1.81853    1.46728          -     1.6909     5.3662    4.60961     8.2118
   56   68  133    7   3.98581    1.46231          -    1.67946    5.75894    4.59399      8.507
   56   69  134    7    4.0937    1.70269          -    2.27699    7.80791    5.34916    9.90541
   57   70  135    7   4.11867    2.01018          -    3.17367    11.1115    6.31518    11.8166
   57   71  136    7   3.72135    1.72639          -    2.34083    8.19563    5.42362    10.1484
   82   83  137    5   14.4182     1.9189          -    2.89198    9.88026    6.60331    11.6102
   82   88  138    5   8.42935    2.54352          -    5.08113     19.619    8.67197    16.2105
   95   96  139    5   4.24157     2.2481          -    3.96936    15.5761    7.56258    14.4384
   95  137  140    5   16.3692    2.08862          -    3.42616    12.5863      6.872     12.963
  217  218  141    8     1.704          0          -          0          0          0          0
  217  219  142    8   8.38305          0          -          0          0          0          0
  226  228  143    8   4.70685    1.79915          -     2.5423    9.23681    5.65221    10.7737
  226  229  144    8    10.883     2.0949          -    3.44682    12.5232    6.58134    12.5447
  281  289  145    7   3.51484    1.27668          -    1.28013    4.70067    4.01081    7.68572
  281  290  146    7   4.47451    1.48655          -    1.73559    6.37311    4.67012    8.94913
  283  291  147    7   2.10672    2.83628          -    6.31814    21.8711    11.0413     18.336
  283  292  148    7   4.67769    1.84154          -    2.66351    10.9484    6.11032    12.0741
  284  293  149    7   11.5086    2.09101          -    3.43402    13.4602    7.07738    13.4286
  284  294  150    7    13.087    2.55762          -    5.13762    20.8111    8.34466    16.4011
  285  295  151    6   1.60394    1.47371          -    1.70575    6.81318     4.6298    9.25294
  285  296  152    6    2.5724    1.71597          -    2.31264    9.23723    5.39087     10.774
  287  297  153    6   1.79617    4.35073          -    14.8667    35.9575    17.1336    24.6816
  287  298  154    6   7.79264    2.12725          -    3.55408    14.4542    7.14722    14.3549
  116  118  155    5   9.26332    4.82726        RB9    18.3017    48.2629    15.5089    24.8458
  116  206  156    5   24.4909    4.72617       RB10    17.5432    46.4428    15.4603    24.5685
  117  119  157    6   17.4395    3.73873      rb8_a    10.9784    34.5758     12.363    21.3359
  117  120  158    6   7.13191    2.90992      rb8_b    6.65048    23.3774    9.79941    17.6133
   62   73  159    7   18.1428    1.95648          -    3.00635    8.74548    6.48756    10.9027
   62   74  160    7   17.6371    1.91207          -    2.87144    9.87107    6.00696    11.1375
   63   75  161    7   1.84938    1.71778          -    2.31754    7.91053    5.39658    9.97029
   63   76  162    7   15.8215    2.00016          -    3.14209     10.725    6.28369    11.6092
   64   77  163    8   1.69007    1.24769          -    1.22265    4.52791    3.91972    7.54317
   64   78  164    8  0.946175    1.24769          -    1.22265    4.52791    3.91972    7.54317
   65   79  165    8   2.03232    1.94813          -    2.98074    10.1994    6.12022    11.3212
   65   80  166    8   2.79422    2.26837          -    4.04125    13.8282    7.12628    13.1822
   83   84  167    6    9.3027    2.39528          -     4.5061     13.331    9.57859    15.3366
   83   85  168    6   5.78627     1.4008          -    1.54114    5.26519    4.40074    8.13415
   88   89  169    6   7.77272    1.85677          -    2.70773     10.455    5.83321    11.4622
   88   90  170    6   17.6474    2.16199          -    3.67112    14.1747     6.7921    13.3463
   96   97  171    6   25.9703    1.80539          -    2.55994    9.01074    6.07281    10.9676
   96   98  172    6   8.62971     1.4359          -    1.61935    7.49909    5.37285    10.0709
  139  140  173    7     1.704          0          -          0          0          0          0
  139  141  174    7   2.14565          0          -          0          0          0          0
  293  299  175    8   9.65989    1.77736          -    2.48108    9.72499    5.58374    11.0548
  293  300  176    8   3.55201    1.52644          -    1.82999    7.17294    4.79545    9.49409
  118  121  177    6   18.2528    2.62225      rb9_b    5.40056    18.2744    8.69195    15.4561
  118  122  178    6   15.5712    3.78202      rb9_a    11.2341    35.3926    12.2213    21.3223
  206  210  179    6   4.32495    4.15841     rb10_b    13.5814    40.2261    13.3087     22.639
  206  207  180    6   17.6306    1.93324     rb10_a    2.93537    10.4055    6.50676     11.814
  119  123  181    7   10.7031    3.66087          -    10.5259    34.5968    12.3085    21.3592
   64   81  182    8   3.55434    1.58797          -    1.98049    7.33447    4.98874     9.6004
  299  303  183    9   1.25053    1.29747          -    1.32217    5.18245    4.07613    8.06998
  299  304  184    9   3.29593    1.51076          -    1.79258    7.02631    4.74618    9.39655
  121  126  185    7   3.45977    2.54006          -    5.06733    14.9583    10.0954    16.1069
  121  127  186    7   2.31464    2.91612          -    6.67884    22.5836    10.0458    17.8713
  122  128  187    7   1.77584    3.08682          -    7.48361    25.4053    10.9153    18.6194
  122  129  188    7   14.9459    2.51893          -    4.98334    20.6552    8.28867    16.3219
  211  213  189    8   13.2818    2.64064          -    5.47655    19.8445     8.8232    16.2341
  211  214  190    8   4.76347    2.16884          -    3.69442    16.0933    7.50718    15.0741
  207  208  191    7   22.0426    2.00006          -    3.14177    9.85724    6.79698    12.0572
  207  209  192    7   7.58828    1.32378          -    1.37633    7.02291    4.80136    10.0061
  304  305  193   10   5.40032    1.28414          -    1.29514    5.07651    4.03425    7.98707
  304  306  194   10   1.62622    1.10285          -   0.955266    3.74432    3.46471    6.85948
   84   86  195    7   3.00132    2.03598          -    3.25566    9.63165    6.39623    11.0016
   84   87  196    7   1.97576    1.74855          -     2.4013    7.10409    5.49324    9.44842
   89   91  197    7   11.1534    1.57825          -    1.95634    7.55371    4.95823    9.74283
   89   92  198    7   2.61151    1.35544          -    1.44295    5.57145    4.25825    8.36737
   91   93  199    8   2.24601    1.15213          -    1.04253    4.02537    3.61951    7.11227
   91   94  200    8   9.56361    1.34152          -    1.41345    5.45756     4.2145    8.28141
   97   99  201    7   3.80882    1.53458          -    1.84956    6.51026    4.82102    9.04491
   97  100  202    7   2.17112    1.31793          -    1.36419    4.80182     4.1404    7.76798
   98  101  203    7   2.40982    1.22052          -    1.16998    5.41809    3.83437    8.25141
   98  102  204    7   1.62622    1.04821          -   0.862952    3.99627    3.29305     7.0865
  101  103  205    8   1.25053   0.890978          -   0.623483     2.8873    2.79909    6.02353
  101  104  206    8   1.62622    1.03744          -   0.845311    3.91457    3.25922     7.0137
  137  138  207    6   1.86447    1.52469          -     1.8258    6.70724    4.78996    9.18072
  137  139  208    6   15.4796    1.77532          -     2.4754     9.0936    5.57735    10.6899
  106  166  209    5   7.07048    3.47548          -    9.48682    27.2768    11.1807    18.7561
  106  107  210    5   5.70148    2.22062          -    3.87291    14.4521    7.79416    14.0045
  166  167  211    6   9.06898    2.35541          -    4.35737    14.7143    7.84984    14.0909
  166  168  212    6   10.4234    2.64609          -    5.49918    19.4272     8.5704    15.8857
  167  169  213    7   17.4115    1.88812          -    2.79993    9.33963    6.37138    11.2523
  167  170  214    7   5.93202    1.88621          -    2.79429    10.9957    6.41531    12.0347
  169  173  215    8   7.13018     1.6049          -    2.02295    6.74788    5.04194     9.2085
  169  174  216    8   2.63458    1.37832          -    1.49208    4.97709    4.33013    7.90847
  173  177  217    9   1.94918    1.17158          -    1.07803    3.59595    3.68061     6.7222
  173  178  218    9   7.66917    1.36416          -    1.46158    4.87535    4.28565    7.82722
  168  171  219    7   11.2887    2.33826          -    4.29414    15.8081    7.98307    14.6927
  168  172  220    7    5.3205    1.93164          -    2.93051    10.3528    6.06844     11.406
  171  175  221    8   20.3413     2.0973          -    3.45472    10.9149    8.29931    13.9334
  171  176  222    8   17.6241     2.0866          -    3.41953    10.4665     7.8522    12.5987
  175  179  223    9     3.381    1.78271          -    2.49604    7.88602    5.60054    9.95483
  175  180  224    9   2.82975    1.53103          -    1.84102    5.81655    4.80988    8.54944
  181  182  225    5    7.9945    2.24895          -    3.97236    13.5272    7.46043    13.5359
  181  183  226    5   12.0068    2.41684          -    4.58761    15.3231    7.59274    13.8764
  142  143  227    6   6.16301    2.27612          -    4.06893    14.0966    7.74812     14.035
  142  144  228    6   15.6079    2.48123          -    4.83532    14.0527    8.24848    13.7416
  188  189  229    6   12.4369    2.12898          -    3.55987    11.2802    6.68839     11.906
  188  190  230    6   3.46336    1.82842          -    2.62568    8.32006    5.74415    10.2251
  148  151  231    6   9.54738    1.90615          -    2.85366    10.1834    6.65959    11.8092
  148  149  232    6   11.3722    2.23382          -     3.9191    12.8431     7.4621    13.0361
  151  155  233    7    3.1204    1.39149          -    1.52072    5.42673    4.37148    8.25799
  151  156  234    7   12.8872    1.62022          -    2.06177    7.35751    5.09008    9.61546
  156  160  235    8   2.83271    1.18276          -    1.09872    3.92082    3.71576    7.01929
  156  161  236    8   11.5323    1.37719          -    1.48963     5.3158    4.32657    8.17314
  149  152  237    7   2.85871    1.63069          -    2.08849    6.84409    5.12296    9.27391
  149  153  238    7   9.40948        2.4          -    4.52388    15.0158     7.8092     14.151
  153  157  239    8   7.36595       2.04          -     3.2685    10.8489    6.40884    11.6761
  153  158  240    8   5.65005      1.752          -    2.41078    8.00192    5.50406    10.0277
  159  164  241    7   2.63017          0          -          0          0          0          0
  159  165  242    7   7.01394          0          -          0          0          0          0
  192  194  243    6   7.33192    2.36817          -    4.40469    15.4855    7.43983    13.9498
  192  195  244    6   5.58067    2.03384          -     3.2488    11.4218     6.3895    11.9804
  119  124  245    7   3.73295    2.72928          -    5.85039    18.4254    8.57427    15.2165
  123  196  246    8   7.24215    3.11174          -    7.60496    24.9962    9.77583    17.7232
  123  130  247    8    4.7776    2.60945          -    5.34794    19.2128    9.18709    16.3635
  197  199  248   10   9.97493          0          -          0          0          0          0
  197  200  249   10   2.44642          0          -          0          0          0          0
  196  197  250    9    19.484    2.64498          -    5.49459    18.0597    8.30945    15.0647
  196  198  251    9   15.7037    2.15408          -    3.64429    12.1967    7.69291     13.272
  120  201  252    7   6.26551    2.02575          -    3.22302    11.0026    6.67512    12.0421
  120  125  253    7   2.38294    2.59224          -    5.27763    20.0873    8.73667    16.6439
  201  203  254    8   13.0657    1.70977          -    2.29597    8.45148    5.78416    10.6745
  201  202  255    8   7.20018     1.4788          -    1.71755    5.86329    4.64579    8.58372
  210  211  256    7   10.6976     3.1887          -    7.98576    26.1321    10.7073     18.596
  210  212  257    7   17.3338    2.35035          -    4.33867    14.0932    9.04209    14.7083
  133  217  258    7   8.32687    2.14705          -    3.62053    12.0758    6.74514    12.3186
  133  134  259    7   2.58545    1.84393          -    2.67043    8.90684    5.79289    10.5795
  222  223  260    8   7.05518     1.3637          -    1.46059    4.53712     4.2842    7.55083
  222  224  261    8   12.2589    1.58787          -    1.98026    6.15137    4.98845    8.79207
  229  230  262    9   12.5114    1.78067          -    2.49032    9.04799    5.59413     10.663
  229  231  263    9   6.63872    1.52928          -    1.83681    6.67359    4.80437    9.15767
  232  233  264    7   2.08465    1.84795          -    2.68209    9.10384    5.80552    10.6959
  232  234  265    7   13.0463    2.15173          -    3.63634    12.3429    6.75985    12.4541
  237  238  266    7   4.05413    1.82672          -    2.62079    10.0903     5.7388    11.2605
  239  240  267    8   7.88417    1.80795          -    2.56722    9.88403    5.67984    11.1448
  239  241  268    8   4.54032    1.55271          -    1.89352    7.29024    4.87798    9.57141
  241  242  269    9    8.0649     1.3198          -    1.36807     5.2672    4.14628     8.1357
  241  243  270    9   3.65583    1.13348          -    1.00906    3.88497    3.56093    6.98713
  244  245  271    6     8.031     2.0419          -    3.27461    13.9785    6.76161    13.4843
  244  246  272    6   22.2358    1.73475          -    2.36355    8.35808    5.85028    10.7509
  245  247  273    7   11.1135    1.73562          -    2.36591    10.0995     5.4526    11.2656
  245  248  274    7   3.21078    2.42935          -     4.6352    15.6458    9.64305    15.7946
  247  251  275    8    13.563    1.47527          -    1.70937    7.29686    4.63471    9.57576
  247  252  276    8   7.60068      1.267          -    1.26079    5.38201     3.9804    8.22388
  246  249  277    7   1.86447    1.26637          -    1.25954    4.45402    3.97842    7.48137
  246  250  278    7   8.51187    1.47454          -    1.70766    6.03871     4.6324    8.71118
  262  265  279    8   8.90017    1.76438          -    2.44497    8.44364    5.54296    10.3008
  262  266  280    8   13.2369    2.05441          -    3.31486    11.4478    6.45413    11.9941
  266  267  281    9     1.704    1.49972          -    1.76649    6.10053    4.71151    8.75566
  266  268  282    9   1.79983    1.74625          -    2.39499    8.27103    5.48601    10.1949
  260  263  283    7   4.10237          0          -          0          0          0          0
  260  264  284    7   11.6056          0          -          0          0          0          0
  269  270  285    5   5.63218     2.2244          -    3.88612     13.509    7.78375    13.8651
  269  271  286    5   17.4971    2.05477          -    3.31602    15.1875    6.97886    14.1699
  144  145  287    7   3.95884     1.8113          -    2.57674    7.48868    5.69037     9.7008
  144  146  288    7   6.63734    2.10905          -    3.49352    10.1531    6.62577    11.2955
  157  162  289    9   3.36327      1.734          -    2.36149    7.83834    5.44751    9.92469
  157  163  290    9    2.5724     1.4892          -    1.74179    5.78139    4.67845    8.52356
  150  159  291    6   10.3972    2.54424          -    5.08402    17.2674    7.99297    14.7306
  150  154  292    6   4.59975    2.18506          -    3.74986    12.7361    6.86455    12.6509
  182  184  293    6    8.1245    1.91161          -    2.87003     9.7734    6.00549    11.0822
  182  185  294    6   5.25015    1.64173          -    2.11687    7.20864    5.15765    9.51769
  183  186  295    6   7.95798    2.05432          -    3.31455    11.0709    6.45383     11.795
  183  187  296    6   2.27906     1.7643          -    2.44474    8.16566     5.5427    10.1298
  203  204  297    9   1.86447    1.24813          -    1.22352    4.50379    3.92113    7.52305
  203  205  298    9   7.50761    1.45331          -    1.65884    6.10619     4.5657    8.75972
  213  215  299    9    6.2838    2.12725          -    3.55408    14.0152    7.24198    14.7154
  213  216  300    9   1.62622    1.92766          -    2.91845    10.5751    6.05594    11.5278
  234  235  301    8   3.52721    1.82897          -    2.62726    8.91774    5.74588     10.586
  234  236  302    8   2.14504    1.57076          -    1.93781    6.57753    4.93469    9.09151
  255  257  303    6   3.34333    2.03979          -    3.26785    15.4348     6.9007    14.3722
  255  258  304    6    6.8186    2.77833          -    6.06256    22.2135    9.06356     17.009
  256  259  305    6   3.77058    2.12487          -    3.54612    12.5767    6.67547    12.5715
  256  260  306    6   16.2909    1.86168          -    2.72208    8.81535    6.28266    10.7767
  270  272  307    6   1.88162    1.62381          -    2.07091    7.19895    5.10136    9.51129
  270  273  308    6   2.44834    1.89074          -    2.80772    9.76025    5.93994    11.0748
  296  301  309    7    15.459    1.45857          -    1.67088     6.6739    4.58224    9.15788
  296  302  310    7   2.27906    1.25266          -     1.2324    4.92252    3.93533      7.865
  307  313  311    5   24.4988    3.55724          -    9.93841    28.6495    12.1759    19.7636
  313  314  312    6   7.26708    2.26388          -    4.02527    12.3059    7.86237    13.1987
  313  315  313    6   35.0055    2.14684          -    3.61985    12.3486    7.50181    13.1578
  308  309  314    6   9.70689    2.42976          -     4.6368    15.2727    8.58285    14.7167
  308  310  315    6   4.77023    2.64541          -    5.49638    20.6148    8.85139    16.7607
  309  311  316    7   1.25053    1.77373          -    2.47095    8.13882    5.57233    10.1131
  309  312  317    7   10.9436    2.74531          -    5.91934    18.2585     10.279    17.2985
  314  316  318    7   3.44661    1.65263          -    2.14507    6.55781    5.19189    9.07788
  314  317  319    7   25.1001    2.04944          -    3.29883    10.7251    7.04731     12.511
  317  318  320    8   2.62599    1.74202          -     2.3834    7.74888    5.47273     9.8679
  317  319  321    8   2.12338    1.49609          -    1.75795    5.71541    4.70011    8.47478
  321  322  322    7   6.57816    2.16887          -    3.69452     12.799    6.81371    12.6822
  321  323  323    7   4.67773    2.70017          -    5.72626    19.8909    10.4157     17.295
  324  325  324    7   19.7038    1.77498          -    2.47445    9.73928    5.88763    11.3635
  324  326  325    7   15.9448    1.80396          -    2.55591    9.34771    6.08789    11.0941
