Title="NZL00208_IN1_Central_1D_withDiameter"
Vertex = "x","y","z","bpName"
Link = "bp0","bp1", "id","generation","length","diameter", "name","InArea","OutArea","InPeri","OutPeri"
N=386, E=385
     175.683658      146.289116             0.5 unnamed
     166.796936      209.179764             108 unnamed
     142.871146      214.648516             133 unnamed
     207.128982       218.75008             146 unnamed
     220.800862      211.230546           147.5 unnamed
     213.281328      224.902426           152.5 unnamed
     229.687584      206.445388           134.5 unnamed
     224.218832      209.863358           150.5 unnamed
     224.218832      230.371178             165 unnamed
     134.668018       215.33211             159 unnamed
     127.148484      212.597734             131 unnamed
     231.054772      196.875072           129.5 unnamed
     235.156336      204.394606             152 unnamed
     230.371178      228.320396             173 unnamed
     227.636802      235.156336           170.5 unnamed
     125.781296       211.91414           131.5 unnamed
     118.945356      209.863358           119.5 unnamed
     233.789148      192.089914           128.5 unnamed
     230.371178      190.722726             123 unnamed
     243.359464      192.773508           156.5 unnamed
      246.09384      204.394606             152 unnamed
     241.992276      230.371178             181 unnamed
     235.156336      226.269614           190.5 unnamed
     237.890712       187.98835             126 unnamed
     235.156336      181.836004           128.5 unnamed
     224.902426      176.367252             116 unnamed
     235.156336       177.73444              99 unnamed
     257.031344      185.253974           158.5 unnamed
     248.828216      179.785222             162 unnamed
     254.296968      205.761794             149 unnamed
      266.60166      210.546952             162 unnamed
     262.500096        239.2579           186.5 unnamed
     275.488382      236.523524           201.5 unnamed
     234.472742      227.636802             197 unnamed
     255.664156       229.00399           209.5 unnamed
     237.890712      185.253974           126.5 unnamed
     253.613374      179.785222           115.5 unnamed
       239.2579      177.050846             131 unnamed
      235.83993        170.8985             129 unnamed
     234.472742      177.050846            95.5 unnamed
     235.156336      166.796936              97 unnamed
     261.816502      131.933642           170.5 unnamed
     257.031344      172.949282           168.5 unnamed
     261.816502      203.027418             145 unnamed
     263.867284      213.964922             146 unnamed
     271.386818      209.863358             163 unnamed
     265.918066      211.230546           163.5 unnamed
     233.789148      154.492244           132.5 unnamed
     239.941494      164.746154             129 unnamed
     234.472742       153.80865             134 unnamed
     231.738366        136.7188             137 unnamed
     117.578168      214.648516           110.5 unnamed
     110.058634      217.382892             100 unnamed
     120.996138       218.75008           104.5 unnamed
     105.273476      219.433674            93.5 unnamed
     108.007852      216.699298             101 unnamed
     130.566454      224.902426              99 unnamed
     120.996138      233.105554            90.5 unnamed
      119.62895      233.105554            90.5 unnamed
     121.679732      237.890712            88.5 unnamed
     117.578168      203.027418           110.5 unnamed
     117.578168      200.976636             108 unnamed
     107.324258      199.609448           100.5 unnamed
     114.843792      187.304756              95 unnamed
     120.996138      198.925854              99 unnamed
     105.273476      196.191478           100.5 unnamed
     104.589882      199.609448              97 unnamed
     110.058634      182.519598              86 unnamed
     116.894574      180.468816            87.5 unnamed
     125.097702      196.875072            93.5 unnamed
     124.414108      207.812576            63.5 unnamed
      98.437536      203.027418              78 unnamed
      93.652378      197.558666            91.5 unnamed
     125.781296      196.191478              92 unnamed
      126.46489      196.191478              94 unnamed
      123.04692       201.66023             173 unnamed
      116.21098      197.558666             178 unnamed
     230.371178       208.49617           132.5 unnamed
     230.371178       211.91414             113 unnamed
     237.890712      212.597734             125 unnamed
      225.58602       211.91414             104 unnamed
     240.625088      214.648516           121.5 unnamed
      235.83993      216.699298           125.5 unnamed
     222.851644      213.281328             101 unnamed
     224.218832      207.812576            95.5 unnamed
     251.562592      213.281328           108.5 unnamed
      246.09384      220.800862             118 unnamed
     220.800862      213.281328           100.5 unnamed
     221.484456      214.648516            96.5 unnamed
     220.117268       208.49617              82 unnamed
     222.851644      205.761794              95 unnamed
     257.714938       229.00399             117 unnamed
      249.51181      229.687584             113 unnamed
     220.117268      209.863358              82 unnamed
      218.75008      207.128982              77 unnamed
     227.636802      247.461028             180 unnamed
     226.269614      252.246186             186 unnamed
     228.320396      257.031344             196 unnamed
     223.535238      260.449314           192.5 unnamed
     228.320396      257.714938             200 unnamed
      229.00399       259.76572             197 unnamed
      222.16805       270.01963           197.5 unnamed
      222.16805      262.500096             198 unnamed
      225.58602      267.285254           216.5 unnamed
     237.890712      274.804788           218.5 unnamed
      222.16805      270.703224             200 unnamed
     220.117268      272.754006           197.5 unnamed
     230.371178      261.132908           183.5 unnamed
      232.42196      276.171976           191.5 unnamed
     227.636802       270.01963             184 unnamed
     231.054772      212.597734           111.5 unnamed
      229.00399      226.269614              94 unnamed
      235.83993      209.179764            89.5 unnamed
     228.320396       232.42196              89 unnamed
     227.636802      227.636802              93 unnamed
     233.105554       208.49617              67 unnamed
     238.574306      209.179764            86.5 unnamed
     117.578168      219.433674             132 unnamed
     110.742228      223.535238           132.5 unnamed
     110.058634      221.484456             136 unnamed
     120.312544      230.371178             129 unnamed
      126.46489      236.523524             126 unnamed
     129.199266      244.726652             118 unnamed
     130.566454       235.83993           128.5 unnamed
     131.933642      244.043058             117 unnamed
     128.515672      250.195404           114.5 unnamed
     132.617236      234.472742             129 unnamed
      133.30083        239.2579           128.5 unnamed
      116.21098      241.992276           127.5 unnamed
      112.79301      253.613374           117.5 unnamed
     115.527386      251.562592             129 unnamed
     111.425822      253.613374             116 unnamed
     113.476604      254.980562             119 unnamed
     117.578168      253.613374             129 unnamed
     114.160198      254.296968             129 unnamed
     114.843792      257.031344             129 unnamed
     107.324258      259.082126           131.5 unnamed
     117.578168      200.976636           134.5 unnamed
     113.476604      188.671944             134 unnamed
     111.425822      185.253974           133.5 unnamed
     115.527386      182.519598           139.5 unnamed
       99.12113      176.367252           136.5 unnamed
      109.37504      171.582094           134.5 unnamed
      87.500032      166.113342             132 unnamed
       82.03128       160.64459             150 unnamed
     110.058634      159.277402           140.5 unnamed
      81.347686      162.695372             132 unnamed
      88.183626      166.113342             133 unnamed
      79.980498      157.910214             153 unnamed
      81.347686       157.22662           149.5 unnamed
     107.324258      149.023492           144.5 unnamed
     114.843792      144.921928             144 unnamed
      77.929716      162.695372             133 unnamed
      80.664092      161.328184             131 unnamed
     110.058634      132.617236             153 unnamed
     101.171912      144.921928             150 unnamed
      109.37504      129.199266           155.5 unnamed
      116.21098      122.363326             155 unnamed
     101.171912      141.503958             150 unnamed
       95.70316      138.769582             156 unnamed
      116.21098      120.312544           155.5 unnamed
     118.261762      120.312544           154.5 unnamed
      109.37504      166.113342             131 unnamed
      109.37504      158.593808           126.5 unnamed
     111.425822      166.113342           125.5 unnamed
     113.476604      149.023492             123 unnamed
      109.37504      166.113342           124.5 unnamed
     115.527386      159.960996             123 unnamed
     118.945356      141.503958             117 unnamed
     115.527386      138.769582           122.5 unnamed
     121.679732      141.503958             116 unnamed
     106.640664       198.24226             137 unnamed
      98.437536       198.24226             142 unnamed
      94.335972      195.507884             145 unnamed
      86.816438      203.027418           147.5 unnamed
      84.765656      190.722726           148.5 unnamed
      95.019566      193.457102           146.5 unnamed
      86.132844      204.394606           146.5 unnamed
       78.61331      206.445388           150.5 unnamed
       75.19534      186.621162           152.5 unnamed
      83.398468      190.039132           146.5 unnamed
      64.257836      214.648516           157.5 unnamed
      75.878934      206.445388           148.5 unnamed
        68.3594       181.15241             157 unnamed
      72.460964      185.937568             152 unnamed
     103.906288      190.722726           181.5 unnamed
      96.386754      190.039132           181.5 unnamed
      71.093776       187.98835             190 unnamed
      73.144558      176.367252           181.5 unnamed
     106.640664      187.304756             189 unnamed
     100.488318      175.683658             199 unnamed
     107.324258      188.671944           191.5 unnamed
     100.488318        170.8985           204.5 unnamed
      95.019566      171.582094             202 unnamed
     118.261762      194.140696             175 unnamed
     116.894574      185.937568             180 unnamed
     110.742228      177.050846           181.5 unnamed
     108.007852      168.164124             189 unnamed
      105.95707      155.859432           199.5 unnamed
     108.691446      169.531312           190.5 unnamed
     104.589882      155.859432             201 unnamed
      105.95707      152.441462             204 unnamed
     107.324258      168.847718             183 unnamed
     103.906288      165.429748             182 unnamed
     106.640664      161.328184           185.5 unnamed
      97.753942       164.06256           179.5 unnamed
      105.95707      152.441462           189.5 unnamed
     108.007852      158.593808             185 unnamed
       92.28519       157.22662           187.5 unnamed
     104.589882       150.39068             191 unnamed
     108.007852      144.921928           196.5 unnamed
     131.250048       218.75008             164 unnamed
     129.199266       218.75008             171 unnamed
     128.515672       215.33211           183.5 unnamed
     123.730514       222.16805           179.5 unnamed
     105.273476      207.812576             207 unnamed
     130.566454      213.964922           200.5 unnamed
      112.79301      224.218832             187 unnamed
     120.996138      229.687584           188.5 unnamed
     127.832078      220.800862           208.5 unnamed
     133.984424      214.648516             217 unnamed
      97.753942      237.207118           191.5 unnamed
      91.601596       229.00399             199 unnamed
      123.04692      233.105554             191 unnamed
      70.410182      226.953208             209 unnamed
      76.562528      235.156336           204.5 unnamed
     123.730514        239.2579           197.5 unnamed
     130.566454      246.777434           201.5 unnamed
     131.933642      251.562592             200 unnamed
     131.250048      244.726652             203 unnamed
     129.199266      223.535238             166 unnamed
     124.414108      231.054772           166.5 unnamed
      123.04692      239.941494             169 unnamed
     121.679732      231.054772             166 unnamed
      123.04692      248.144622             169 unnamed
     117.578168      250.878998             171 unnamed
     125.097702      257.031344           166.5 unnamed
      123.04692      259.082126           174.5 unnamed
      116.21098      257.031344             170 unnamed
     114.843792      255.664156           173.5 unnamed
     123.730514      260.449314           165.5 unnamed
     121.679732      261.816502           175.5 unnamed
      126.46489       266.60166           178.5 unnamed
      133.30083       266.60166           166.5 unnamed
     130.566454      228.320396             167 unnamed
     133.984424      229.687584             164 unnamed
     136.035206      234.472742           162.5 unnamed
     138.769582      229.687584             161 unnamed
     138.769582      234.472742           162.5 unnamed
       136.7188      237.890712             161 unnamed
     144.921928      228.320396             161 unnamed
     141.503958      230.371178           159.5 unnamed
     138.769582      241.992276           160.5 unnamed
     138.085988      237.890712           159.5 unnamed
     136.035206      231.738366           171.5 unnamed
      140.13677      231.738366             176 unnamed
     138.085988      247.461028           179.5 unnamed
     142.871146       232.42196             180 unnamed
     139.453176      229.687584             177 unnamed
     146.289116      234.472742             179 unnamed
     144.238334      233.789148             182 unnamed
     114.843792      234.472742           194.5 unnamed
     108.007852      244.043058             203 unnamed
       95.70316      251.562592             209 unnamed
     107.324258      248.828216           207.5 unnamed
       85.44925       256.34775           214.5 unnamed
       92.28519      255.664156             209 unnamed
     103.906288      254.980562           215.5 unnamed
      99.804724       266.60166           213.5 unnamed
     101.855506       259.76572           217.5 unnamed
     105.273476       256.34775             216 unnamed
     106.640664      247.461028             195 unnamed
     106.640664       252.92978           196.5 unnamed
     104.589882      254.296968           193.5 unnamed
       102.5391      267.285254           199.5 unnamed
     108.691446      253.613374           197.5 unnamed
     104.589882       256.34775             193 unnamed
     101.855506       259.76572             195 unnamed
      123.04692      253.613374             193 unnamed
      123.04692       263.18369             193 unnamed
     121.679732       259.76572             198 unnamed
     121.679732      263.867284             193 unnamed
     125.097702      265.918066           192.5 unnamed
     117.578168       266.60166           197.5 unnamed
     123.730514      262.500096             198 unnamed
     120.996138      251.562592             207 unnamed
      119.62895      259.082126             210 unnamed
     125.781296       256.34775           216.5 unnamed
     118.945356       263.18369             211 unnamed
     114.843792       263.18369           214.5 unnamed
     124.414108      260.449314             220 unnamed
     130.566454      257.714938             220 unnamed
     118.945356      271.386818           207.5 unnamed
     115.527386      276.171976           217.5 unnamed
     122.363326      267.285254           224.5 unnamed
     122.363326       256.34775             224 unnamed
     217.382892      234.472742             152 unnamed
     216.015704      241.992276             158 unnamed
     212.597734       249.51181             181 unnamed
     216.699298      261.132908             170 unnamed
     217.382892      267.968848           173.5 unnamed
     214.648516      267.968848             177 unnamed
     213.964922      269.336036             178 unnamed
     216.015704      267.285254             178 unnamed
      218.75008      236.523524           150.5 unnamed
     224.218832      245.410246             148 unnamed
      225.58602      253.613374             147 unnamed
      225.58602      244.726652           146.5 unnamed
     226.953208      263.867284           150.5 unnamed
     227.636802       259.76572           144.5 unnamed
     228.320396      264.550878           150.5 unnamed
     226.269614       270.01963           152.5 unnamed
     219.433674       242.67587           142.5 unnamed
     220.117268      254.296968           130.5 unnamed
      215.33211       246.09384           130.5 unnamed
     220.117268      254.296968           127.5 unnamed
     220.117268      258.398532           127.5 unnamed
     229.687584       235.83993             171 unnamed
       239.2579      245.410246           168.5 unnamed
     239.941494      257.714938             170 unnamed
     254.980562      261.816502             169 unnamed
     241.308682      272.754006             169 unnamed
     241.308682      260.449314           171.5 unnamed
      235.83993      241.308682             179 unnamed
     248.144622      253.613374           197.5 unnamed
     255.664156      257.031344             205 unnamed
     251.562592      261.816502           205.5 unnamed
     262.500096      261.132908             207 unnamed
      256.34775      274.804788             211 unnamed
      256.34775      265.918066             212 unnamed
     278.222758      259.082126           214.5 unnamed
     244.726652      250.878998           182.5 unnamed
     248.828216       266.60166           189.5 unnamed
     251.562592      257.031344             186 unnamed
      249.51181      267.968848             189 unnamed
     250.195404      269.336036           191.5 unnamed
     265.234472      269.336036             195 unnamed
     252.246186      258.398532             185 unnamed
     104.589882       225.58602           132.5 unnamed
       88.86722       235.83993           141.5 unnamed
       82.03128       246.09384             144 unnamed
      88.183626       235.83993           144.5 unnamed
       99.12113      231.054772             127 unnamed
      94.335972      241.992276           122.5 unnamed
      93.652378      231.054772           121.5 unnamed
      89.550814      248.144622           122.5 unnamed
      92.968784      245.410246             120 unnamed
      87.500032      233.789148           112.5 unnamed
      91.601596      230.371178           122.5 unnamed
     120.312544      138.085988           115.5 unnamed
     118.945356      133.984424             108 unnamed
      129.88286      125.781296             118 unnamed
     133.984424       119.62895             119 unnamed
     130.566454      125.781296             120 unnamed
      97.070348       198.24226             130 unnamed
      88.183626      197.558666             125 unnamed
     101.171912      199.609448             128 unnamed
      84.082062      200.293042             124 unnamed
      84.765656      194.140696             124 unnamed
       82.03128       201.66023           122.5 unnamed
      84.082062       201.66023           125.5 unnamed
      82.714874      192.773508           125.5 unnamed
      76.562528      189.355538             118 unnamed
      79.296904      203.027418             118 unnamed
      73.144558      203.711012             123 unnamed
      73.828152      189.355538           117.5 unnamed
      77.246122      188.671944             117 unnamed
       239.2579      206.445388           169.5 unnamed
     252.246186      200.293042           179.5 unnamed
      242.67587      206.445388             177 unnamed
     267.285254      199.609448           188.5 unnamed
     251.562592      203.027418             189 unnamed
     239.941494      205.761794           182.5 unnamed
     265.918066       187.98835             194 unnamed
      270.01963       191.40632             208 unnamed
     255.664156      198.925854           199.5 unnamed
     254.980562      199.609448             201 unnamed
     257.714938      197.558666             201 unnamed
     103.906288      153.125056           121.5 unnamed
     101.171912      148.339898             122 unnamed
      97.070348      151.074274           111.5 unnamed
      93.652378      155.175838           111.5 unnamed
       95.70316      149.023492             107 unnamed
      96.386754      186.621162           186.5 unnamed
      70.410182        170.8985             204 unnamed
      94.335972      181.836004           188.5 unnamed
    1    2    1    0   128.542     20.448    Trachea    328.392    545.957    66.7828    85.5082
    2    4    2    1   59.3036    12.9512        LMB    131.738    227.227    43.3342    55.5568
    2    3    3    1   36.1571    14.9677        RMB    175.954     341.18    50.7567    69.2708
    3   10    4    2   28.4132    11.5397    BronInt    104.587    199.786    39.7795    52.9565
    3   11    5    2   16.5619    8.96721        RUL    63.1545    130.614    32.0684    43.7717
    4    5    6    2   15.8264    9.57011        LUL    71.9322    145.559    31.0644    43.7473
    4    6    7    2   11.3232     9.1157       LLB6    65.2634    136.292    30.1805    42.4657
    5    7    8    3   16.9555    7.67835          -    46.3048    99.2279     24.355    35.5043
    5    8    9    3   4.81408    13.3192      LB4+5    139.331      227.8    52.5366    63.6493
    6  297   10    3   10.6761    5.98095        LB6    28.0951    72.1243     19.185    30.3794
    6    9   11    3   18.1506    5.34587        LLB    22.4454    62.8569    17.3791    28.4765
    7   12   12    3   11.0188    5.46492        LB3    23.4562    64.1541    17.6025    28.7494
    7   78   13    3   3.31999    6.48228      LB1+2    33.0024    82.0766    20.7454    32.3679
    8  368   14    4   25.3671    4.81938        LB5     18.242    53.7125    15.9349     26.646
    8   13   15    4   12.7212    6.28363        LB4    31.0107    76.7689    20.5953    31.6582
  297  298   16    4   9.76961    3.31422      lb6_a    8.62688    31.0755     10.948    20.1585
  297  305   17    4   2.92721    5.26447      lb6_b     21.767    60.6969    17.1895    28.3288
    9   14   18    4   10.6124    5.08094        LB8    20.2758    58.9901    16.6934    27.6741
    9   15   19    4   8.25865    5.42388          -    23.1052    63.7493    18.1029     29.025
   10  212   20    3   8.09887    9.89886          -    76.9592    133.418    37.2688    45.5315
   10   76   21    3   23.3935    5.38143      RB4+5     22.745    63.1266    17.0993    28.3096
   11   16   22    3   1.62622    6.54606          -     33.655    69.6042    20.5651    29.5749
   11   17   23    3   14.5858    5.54305        RB1    24.1317    65.0198    18.3946    29.3143
   12   18   24    4   5.83271    4.62915      lb3_a    16.8303    48.0955     15.189     25.593
   12   19   25    4   9.90956      3.609      lb3_b    10.2297    32.5541    12.7412    21.4477
   78   79   26    4   20.6064    4.75632        LB1    17.7677    53.6316    15.3036    26.2906
   78   80   27    4   11.8049    4.41908        LB2    15.3375    43.5426      14.34    23.9341
  368  369   28    5   17.7998    2.93862      lb5_a    6.78231    24.3501    9.68425    18.3563
  368  370   29    5   8.79747    3.43535      lb5_b    9.26898    31.8665    11.4989    20.5287
   13   20   30    5   15.4611      4.594      lb4_b    16.5757    46.4971    15.1012    24.6876
   13   21   31    5   11.2671    4.61204      lb4_a    16.7061    46.1372    15.0178    24.7567
  305  306   32    5   10.8639    3.03663          -    7.24223    23.0886    10.0921    17.7017
  305  313   33    5   10.6352    2.79237          -    6.12401    23.5258    9.27391    17.9745
   14   22   34    5   14.5149    4.11877      lb8_a    13.3237     43.783    13.5026    24.0514
   14   23   35    5   19.0228    3.26344      lb8_b     8.3645    29.7693     10.843     19.873
   15  318   36    4   2.32171    6.09586        LB9     29.185     72.815     20.544    31.2069
   15   96   37    4   16.3551    4.26517       LB10    14.2877    47.3781    13.6645     24.654
  212  213   38    3   8.51147    6.36829       RLL7    31.8519     76.433    22.6207    32.9802
  212  231   39    3   5.88473    3.92425        RB6    12.0949    39.5015    12.8451    22.5828
   76  195   40    4    9.4381     4.0315        RB5    12.7651    43.6571    12.9808    23.8025
   76   77   41    4   10.1907    4.09375        RB4    13.1623    41.2743    13.9485    23.9049
   16  118   42    3   11.3603    4.98853        RB2     19.545    56.0596    16.2867    27.0237
   16  138   43    3   14.2249     7.2317        RB3    41.0743    92.3673    23.3129    34.5174
   17   52   44    4   10.4898    3.92798      rb1_a    12.1179    37.1656    12.6949    21.9517
   17   61   45    4   11.9261    4.13715      rb1_b    13.4429    45.2974    13.4035    24.3367
   18   24   46    5   6.47516     3.2422          -    8.25602    25.6664    11.1296    18.9527
   18   25   47    5   10.8834    4.55774          -    16.3151    43.9079    14.8631    24.0188
   19   26   48    5   17.2658    2.98594          -    7.00249    20.9991    10.2197     17.122
   19   27   49    5   28.9259    3.29989          -    8.55242    26.8358    10.7168    18.8448
   79   81   50    5   10.6487    3.06122      lb1_a    7.36002    27.8643    10.0656    19.3431
   79  111   51    5   1.91056    4.38794      lb1_b    15.1221    43.1596    15.0826    24.8419
   82   86   52    6   18.0067    2.66341          -    5.57144    18.9175    9.12973    15.9871
   82   87   53    6   8.97802     3.1328          -    7.70823     24.422    10.1335    17.8377
  369  371   54    6   18.0582    2.50499          -    4.92837    15.5843    8.25186    14.5384
  369  374   55    6   24.3595    2.30062          -    4.15698    13.9986    8.12152    14.8185
  370  372   56    6   15.5023    2.58967          -    5.26717    18.8865     8.5921    15.9092
  370  373   57    6   6.60662     2.8286          -    6.28397    20.1402    9.66708    16.8151
   20   28   58    6   16.0325    2.66386          -    5.57331    16.9049    8.66106    14.9974
   20   29   59    6   15.3074    3.35602          -    8.84583    26.6016    10.8923    18.8736
   21   30   60    6   8.89914    3.83058          -    11.5244    35.0569    12.3886     21.333
   21   31   61    6    23.843    3.03861          -    7.25169    23.7115    9.83409     17.622
   22   32   62    6   23.5373    2.82999          -    6.29013    18.6843    9.33756    15.7043
   22   33   63    6    41.823    3.67749          -    10.6217    31.9914     11.861    20.4353
   23   34   64    6   7.13892    2.54946          -    5.10487    20.9918    8.49291    17.1167
   23   35   65    6   29.1955    2.82362          -    6.26184    20.8924    9.51565    17.2294
  318  319   66    5    13.943    2.98328      lb9_a    6.99002    22.4256    9.70964    17.0224
  318  324   67    5   11.6237     4.7473      lb9_b    17.7004    53.4722    15.1463    26.1556
   96   97   68    5   7.95244    4.05338     lb10_a     12.904    45.4387    13.1832     24.281
   96  108   69    5   14.8113     3.0318     lb10_b    7.21924    20.8429    10.0399    16.9688
  231  245   70    4   5.25473    3.25617      rb6_b    8.32729     30.043    11.0016     20.383
  231  232   71    4   9.24635    3.28125      rb6_a    8.45607    30.1338    10.7792    19.7045
  197  198   72    6    12.026    2.77931          -    6.06686    17.9444     9.2646    15.5498
  197  203   73    6   9.39816    2.86541          -    6.44858    21.6877    9.78467    17.6511
   77  186   74    5   14.9514    3.02471      rb4_a    7.18549    25.3166    9.86755    18.2589
   77  190   75    5   17.9441    3.25112      rb4_b    8.30149    25.9315    10.8016    18.9747
  118  121   76    4   11.7715    4.46322      rb2_b    15.6454    40.8037    14.3848     23.025
  118  119   77    4   8.18023    4.54091      rb2_a    16.1948    44.5328    14.5975    24.1651
  138  139   78    4   13.8942    5.72006      rb3_a    25.6975    62.8798    18.3559    28.5339
  138  172   79    4   13.1406    4.94238      rb3_b     19.185    52.0677    16.1671    26.1027
   52   53   80    5   13.6381    3.45767          -    9.38982      30.58     11.132    19.9677
   52   54   81    5   8.21241    3.84314          -    11.6001    35.5493    12.4856    21.4702
   61   62   82    5   3.46741    4.68656          -    17.2504     45.884     15.509    25.0238
   61   63   83    5   15.0443    2.77827          -    6.06233    17.4336    9.74186     15.506
   24   36   84    6   2.79594    3.89513          -    11.9161    32.1363    14.5348      22.78
   24   37   85    6   20.9643    2.41537          -    4.58204    12.7078    8.09907    12.9542
   25   38   86    6     6.929     2.6766          -    5.62675    16.1937    8.88507    15.3702
   25   39   87    6   11.3161    3.82823          -    11.5103    31.1793    12.4522    20.3936
   27   40   88    6   4.09908    2.49318          -    4.88199     17.935    8.34005    15.7509
   27   41   89    6   11.4082    2.56113          -    5.15172    15.0555    8.91253    15.5701
  111  112   90    6   22.6385    2.82995          -    6.28994    19.8627    9.18989    16.3519
  111  113   91    6   23.7686    3.38373          -    8.99254    27.2911    11.0992    19.3325
   87   92   92    7   14.5393    2.96161          -    6.88883    20.9775    9.89506    16.7049
   87   93   93    7   10.9125    2.95696          -    6.86723    23.5421    9.67987    17.8587
   29   42   94    7   51.8571    2.53438          -    5.04468    15.5436     8.3883    14.6149
   29   43   95    7   13.0617    2.45171          -    4.72093    16.0611     8.0937    14.7337
   30   44   96    7    9.2177    3.10726          -    7.58306    26.7338    10.0782     18.677
   30   45   97    7   13.2839    2.96968          -    6.92644    20.4675    9.72612     16.342
   31   46   98    7   5.10321    2.86556          -    6.44926    19.2184    11.5274     18.878
   31   47   99    7   1.91056    2.21818          -    3.86443    12.6359    6.96863    12.6011
  324  325  100    6   25.7131     3.9608          -    12.3213    37.4929    12.7622    22.0469
  324  332  101    6   13.6528      3.003          -    7.08271    21.8372    9.98642    17.3336
   97   98  102    6   11.9028    3.55392          -    9.91985     33.881    11.7098    21.0517
   97   99  103    6   10.9058    2.72079          -    5.81407    21.7698     9.0264    17.1165
  213  214  104    4   13.9242    4.07403        RB7    13.0358    46.3001    13.0527    24.2987
  213  215  105    4   11.3209    6.24886        RLL    30.6684     75.059    20.6011    31.4678
  245  246  106    5   4.84071    2.92399          -    6.71493    26.8594    9.91789    18.9743
  245  255  107    5   8.23893     2.4821          -     4.8387    16.1508    8.26238    14.6769
  233  235  108    6   8.38992    2.90835          -    6.64327    19.6489    9.60674    16.4048
  233  236  109    6   12.5272    2.52984          -    5.02663    16.1667    7.94774    14.2533
  203  204  110    7   5.06316     2.9047          -    6.62663    24.6231    9.72558    18.7133
  203  205  111    7   7.98943    2.56262          -    5.15774    16.0552    8.74993    15.7064
  186  384  112    6   9.97504    2.22331          -     3.8823    12.9789    7.38658     13.845
  186  187  113    6   8.24715     2.3279          -    4.25617    15.4413    7.67921    15.1208
  129  130  114    6    16.132    2.54957          -    5.10531    17.8394    8.90419    16.8069
  129  131  115    6   9.86458    3.22458          -    8.16651     21.903    10.4004    16.9973
  119  339  116    5   6.80982     3.9872          -    12.4861    35.5482    13.0454    21.5965
  119  120  117    5   4.20888     3.0052          -    7.09312    24.7523    9.89397    18.2631
  140  142  118    6   15.5863    2.70941          -    5.76552     19.126    8.81038    16.0091
  140  143  119    6   14.3269     4.3905          -    15.1397    42.8566    14.0794    23.6742
  172  355  120    5   12.1889    3.21957          -    8.14116     28.202    10.4685    19.2176
  172  173  121    5   9.81515    3.48461          -    9.53668    30.4546    11.4787     19.993
   54   57  122    6   13.0317    2.52119          -     4.9923    15.9971     8.3413    14.8364
   54   58  123    6    20.708    2.61618          -    5.37559    18.5529    8.65734    15.6351
   62   64  124    6   19.2627    3.38962          -    9.02385     25.399    11.0798    18.2964
   62   65  125    6   10.3408     3.4169          -    9.16966    28.9748    11.2614    19.7262
   67   72  126    7   20.7357    3.25028          -    8.29721    24.2079    11.2862    19.1539
   67   73  127    7   12.7499    2.30929          -    4.18837    13.6298    7.25483    13.0873
   39   48  128    7    17.353     3.2471          -    8.28096    25.9948     10.551    18.5188
   39   49  129    7   7.45537    2.59679          -    5.29617    14.0497    8.42963    13.8394
  325  326  130    7    11.344     3.3803          -     8.9743    29.1179    10.9513     19.574
  325  327  131    7   12.5455    3.35205          -    8.82493    28.2146    10.9222    19.4929
   98  100  132    7   4.66163    3.11264          -    7.60936    26.4483    10.3804    19.0872
   98  101  133    7   3.07343    2.37937          -    4.44646    15.8363    8.42034    15.8027
  214  216  134    5   35.7329    2.77539      rb7_b    6.04975    17.4741    9.22042    15.2542
  214  217  135    5   17.5795    4.16499      rb7_a    13.6244    45.1047    13.3904    24.1911
  215  218  136    5   14.6958    4.08442        RB8    13.1024    44.5722    13.5058    24.0733
  215  219  137    5   12.6923     5.7254          -    25.7455    66.8664    18.7941    29.7055
  339  340  138    6   20.9974    3.20416          -    8.06339    24.1552    10.4846    17.7326
  339  343  139    6    9.8497    2.98921          -    7.01783    23.0055    9.77178    17.5716
  143  163  140    7   6.71297    3.50975          -    9.67478    30.9002    11.5745    20.1592
  143  146  141    7   14.1758    3.24536          -    8.27208    26.2806    10.6207    18.5374
  173  174  142    6   5.90225    2.47529          -     4.8122    17.5243    9.13244    15.7748
  173  175  143    6   13.9505    2.57949          -    5.22587    19.6088    8.67118    16.3639
   58   59  144    7   1.36719    1.90981          -    2.86465    9.88684    5.99986    11.1464
   58   60  145    7   5.34908    2.22376          -    3.88386    13.4045    6.98613    12.9787
   64   68  146    7   11.4574    2.33691          -    4.28918     13.168    7.68754    13.2398
   64   69  147    7   10.5792    2.77065          -    6.02912    21.0432    9.10143    17.2395
   65   70  148    7     7.528    2.97179          -    6.93628    24.4497     9.6741     17.993
   65   71  149    7   39.2102    2.95479          -    6.85713     21.091    9.75639    16.8184
   48   50  150    8    1.9479    2.37038          -    4.41292    13.8526    7.44677    13.1938
   48   51  151    8   19.0957    2.82052          -     6.2481    17.4772    11.3483    17.7972
  112  114  152    7   8.73333    2.54862          -    5.10154    18.7907    9.86257    17.4353
  112  115  153    7   2.17679    2.06586          -    3.35191    10.5848    6.49009    11.5331
  327  329  154    8   15.3414    2.46084          -    4.75617    15.4582    8.73492     15.756
  327  330  155    8   9.86368    2.35055          -    4.33938    13.5512    7.84703    13.4752
  100  104  156    8   20.0205    2.80045          -    6.15951    19.5965    9.35742     16.521
  100  105  157    8   27.8364    2.37807          -    4.44158     14.794    7.82416    14.4315
  217  220  158    6   11.4339    2.70375          -    5.74146    19.9902    8.95713    16.3895
  217  221  159    6   17.8562    2.97891          -    6.96954     22.433         10    17.3424
  218  222  160    6   20.6169    2.87394      rb8_a    6.48704    20.2515    9.80082    16.7227
  218  223  161    6   25.1603    3.64222      rb8_b    10.4189    31.4588    11.7984    20.2788
  219  262  162    5   10.1245    4.79938        RB9    18.0909    54.5569     15.503    26.5037
  219  224  163    5   4.82553     5.1498       RB10    20.8291    57.8404    17.0221    27.7196
  163  164  164    8    8.8071    3.05698          -    7.33965    22.2403    10.4015    17.9151
  163  165  165    8   6.05948    2.76539          -    6.00623    19.4112    10.3615    17.9285
  146  151  166    8    11.668    2.27109          -    4.05098    13.4142    7.56874    13.6832
  146  152  167    8   15.8783    2.75855          -    5.97658    18.9877    8.66625    15.4469
  356  358  168    7   5.07741    2.41135          -    4.56677    16.1489    8.23478    14.8505
  356  359  169    7   4.94774     2.7618          -    5.99066    19.5483    9.66038    17.0181
   70   74  170    8    1.9479     2.5776          -    5.21822    15.2692    9.27535    16.5437
   70   75  171    8   1.62622    2.16941          -    3.69634    13.0292     6.8154    12.7957
  223  225  172    7   23.9753     2.9551          -    6.85856     22.267    9.73827    17.8646
  223  226  173    7   17.8194    2.60949          -    5.34812    18.2282     8.5796    15.6212
  262  263  174    6   14.7796    3.88135      rb9_a    11.8319    35.0948    12.6629    21.7427
  262  272  175    6    15.786    3.11634      rb9_b    7.62744     25.351    10.3228    18.5465
  224  227  176    6   9.19979    4.51668     rb10_b    16.0224    47.2779    14.5827    24.8309
  224  279  177    6   21.7231    2.64326     rb10_a    5.48742    19.7588    8.73399    16.3938
  164  166  178    9    11.251    3.08652          -     7.4822    19.3604    10.2083    16.1377
  164  379  179    9   9.49078    2.64172          -    5.48104    15.5853    8.75987    14.6088
  263  264  180    7   16.0189      2.586          -    5.25227    19.4902     8.5872    16.4662
  263  265  181    7    6.8565    4.06317          -    12.9664    41.1155     13.429     23.897
  286  287  182    8   8.28408    2.36411          -    4.38962    16.1633    7.85491    15.2421
  286  288  183    8   12.8608    3.55006          -     9.8983    30.2697    11.5562    20.1484
  265  268  184    8   11.6613    2.54942          -    5.10474    15.5751    8.58132    14.6677
  265  269  185    8    20.929    2.43659          -    4.66289    16.5053    8.23601    15.1119
   53   55  186    6    8.4381    2.58249          -    5.23804    19.4073    8.61164    16.5128
   53   56  187    6   2.41058    2.65198          -    5.52372    20.6435    8.74745    17.0192
   63   66  188    6   4.04235    2.23931          -    3.93837    11.4877    7.43709    12.5063
   63   67  189    6   4.88935     3.1634          -    7.85958    25.5766     10.459    18.4008
  187  188  190    7   27.2022    2.51146          -    4.95386    16.2714    10.1135    16.8565
  187  189  191    7   27.2449    1.97872          -    3.07508    11.1563    6.21632    11.8404
  384  386  192    7   6.06869    2.95308          -    6.84923    20.7114    11.3558     19.334
  384  385  193    7   35.4935    1.80852          -    2.56885    8.69289    5.99729    10.7997
  190  191  194    6   16.5943    2.43678          -    4.66361    13.4483    8.45777    13.9384
  190  192  195    6   3.33033    2.65324          -    5.52897    22.2355    9.65446    17.7978
  191  193  196    7   7.56326    2.03021          -    3.23723    9.86076    7.19178    11.8765
  191  194  197    7   7.82609    1.81148          -    2.57725    11.4496    6.12079    13.1136
  195  197  198    5   20.0744    4.06434      rb5_b    12.9739    38.9603    13.0169    22.6527
  195  196  199    5   10.6124    2.08083      rb5_a    3.40067    19.3508    7.00087    16.1598
  287  289  200    9   4.37217     2.0971          -    3.45404    15.9588    7.19791    15.1913
  287  290  201    9   8.23685    1.95834          -    3.01207    11.1117    6.50413     13.015
  291  295  202   10   8.60881    2.30096          -    4.15821    15.8105    7.55356    14.8136
  291  296  203   10   6.28246    2.02194          -    3.21089    13.4061    7.30591    14.3822
  279  280  204    7    9.9234    2.27725          -    4.07297    11.3447    7.52983    12.5388
  279  281  205    7   8.19184    2.19046          -    3.76843    16.6894    7.23137    15.1481
  227  286  206    7   16.3824     4.0754          -    13.0446    38.7734    13.0849    22.5071
  227  228  207    7   11.3913    1.76301          -    2.44117    13.0903    5.97055    13.6008
  281  284  208    8   8.23784    2.33665          -    4.28823    15.8676    7.91477    15.1948
  281  285  209    8    4.0636    1.60594          -    2.02557    8.56818    5.55639    11.3175
  280  282  210    8   1.54215    1.66239          -    2.17049    6.04559    5.22256    8.71614
  280  283  211    8   3.50714    1.93566          -    2.94272    8.19655    6.08106    10.1489
  228  229  212    8   5.45993    2.22906          -    3.90243    14.2725    7.32148     14.492
  228  230  213    8   2.63116    2.28321          -    4.09432    14.1189     8.2371    14.8218
   81   84  214    6   4.35873    2.98753          -    7.00994      19.23    11.7621    18.4335
   81   85  215    6   10.1009    3.03724          -    7.24515    23.7243    10.3392    18.8693
   84   88  216    7   2.11085    2.10795          -    3.48989    11.4685    7.82795    14.1158
   84   89  217    7   5.02187    2.14639          -    3.61831    10.7997    7.42947    12.5882
   90   94  218    8   1.36719    1.88461          -    2.78953    9.13434    5.92066    10.7138
   90   95  219    8   5.57297     2.1944          -    3.78201    12.3842    6.89392     12.475
  113  116  220    7   23.4087    2.67947          -    5.63881    19.2367    9.69516    17.5648
  113  117  221    7   4.15677    2.42763          -    4.62867    13.1129    8.15051    13.4633
   85   90  222    7   14.6974    2.58165          -    5.23462    17.1408     8.1105    14.6764
   85   91  223    7   2.58148    2.21718          -    3.86094    12.6427    6.96549    12.6045
   80   82  224    5   4.95691    4.01134      lb2_b    12.6377    36.2103    12.9034    21.6581
   80   83  225    5   4.75353    2.91533      lb2_a    6.67523    25.7159    9.56734      18.59
  102  106  226    8   2.65812    1.67839          -    2.21247    8.29815    5.87921    10.7368
  102  107  227    8   3.43323    1.85824          -    2.71201    10.7932    6.23065     12.569
   99  102  228    7   11.3098    2.62765          -     5.4228    16.7574    8.71455    14.9489
   99  103  229    7   6.16223    2.23659          -    3.92881    14.5822    7.51975    14.5536
  108  109  230    6   17.3374    2.14332          -    3.60799    10.7176     7.0673    12.0347
  108  110  231    6   9.57468    1.82439          -    2.61412    11.9021     6.0774    12.9894
  151  155  232    9   18.9203    1.93043          -    2.92683    9.69176    6.06462    11.0359
  151  156  233    9   9.41099     1.6579          -    2.15877    7.14843    5.20844    9.47786
  207  210  234    9   2.88529    1.59011          -    1.98583    6.18158    4.99547    8.81363
  207  211  235    9   10.6368     1.8515          -    2.69237    8.38091    5.81664    10.2624
  332  333  236    7   18.3268    2.55255          -    5.11726    15.7774    8.01906    14.0806
  332  334  237    7   9.88507    2.19219          -    3.77438     11.637    6.88696    12.0928
  343  344  238    7   13.0246    2.06449          -    3.34747    10.9112    6.83165    12.1106
  343  345  239    7   8.05914    2.65168          -    5.52244    16.8777    8.87071     15.469
  344  346  240    8   8.26486    1.75482          -    2.41855    7.88334    5.51293    9.95314
  344  347  241    8   4.70937    1.50708          -    1.78387    5.81458    4.73463    8.54799
  345  348  242    8   11.5655    2.25393          -    3.98996    12.1941    7.08091    12.3789
  345  349  243    8   2.47918    1.93572          -    2.94291    8.99413    6.08126    10.6313
  121  122  244    5   9.22209    2.66061          -    5.55972    14.1261    8.78326    14.1482
  121  129  245    5   12.6477    3.23759          -    8.23255    24.6714    10.6525    18.0008
  122  123  246    6   12.2365    3.19071          -    7.99587    20.6904    10.5924    17.0245
  122  124  247    6   4.89878    2.09953          -    3.46204    13.1019     7.3215    13.5099
  123  125  248    7   3.09088    2.32922          -      4.261    11.0259    7.31747     11.771
  123  126  249    7   6.70333    2.71211          -    5.77702    14.9488    8.52034    13.7059
  124  127  250    7   2.55892    1.53265          -    1.84492      6.982    4.81497    9.36688
  124  128  251    7   4.43409    1.61572          -    2.05032    8.83751    5.58372    11.2246
  130  132  252    7   2.07294    1.86118          -    2.72062    9.50662    5.84708    10.9299
  130  133  253    7   2.58174    3.29727          -    8.53884    22.1442    12.7378     19.475
  131  135  254    7    3.0843    2.28335          -    4.09483    13.2773    7.97635    14.1524
  131  134  255    7   2.90024    2.49717          -    4.89764    15.3357    9.37166    16.8195
  135  136  256    8   2.89195    2.33503          -    4.28227    16.8537    8.59562    16.7066
  135  137  257    8   8.95925    1.94085          -    2.95851    9.59285    6.09736    10.9794
  139  140  258    5   4.11672    4.99891          -    19.6264    51.2899    16.1578    25.9672
  139  141  259    5    8.9579    2.50145          -    4.91444    17.9317    8.28683    15.6237
  142  145  260    7   27.0988    2.53657          -    5.05339    17.9151      8.932    16.2113
  142  144  261    7   16.5274    2.61117          -    5.35501    17.7881    9.43515    16.3705
  145  149  262    8   5.02092    2.15608          -    3.65107    12.9437    6.77353    12.7536
  145  150  263    8   3.65094    1.85169          -    2.69295    9.54696    5.81727    10.9531
  144  147  264    8   7.17152    2.21949          -    3.86899    12.8519    6.97275    12.7083
  144  148  265    8   1.30872    1.90615          -    2.85368    9.47928    5.98836    10.9142
  147  153  266    9   4.14456    1.88657          -    2.79535     9.2855    5.92684    10.8021
  147  154  267    9   1.83882    1.62023          -    2.06179    6.84878    5.09011    9.27708
  166  169  268   10   11.5393    2.95253          -    6.84666    22.5441    9.88689    17.7058
  166  170  269   10   10.7717    2.08203          -    3.40457    12.0362    7.33615    13.8897
  169  350  270   11   4.04459    2.50965          -    4.94671    16.2881     7.8843    14.3067
  169  171  271   11   3.18343    2.15535          -    3.64859    12.0138    6.77122     12.287
  350  351  272   12   9.35364    1.83205          -     2.6361    8.67994    5.75554    10.4439
  350  352  273   12   16.0042    2.51498          -    4.96775    17.0193     9.1483    16.3991
  379  380  274   10   5.57982    2.39568          -    4.50762    13.9291    8.27658    14.4618
  379  381  275   10   12.5847    2.24546          -    3.96005    11.2604    7.05432    11.8955
  155  157  276   10   4.48934    1.40921          -    1.55971    5.16474    4.42718    8.05618
  155  158  277   10   12.2455    1.64087          -    2.11464     7.0023    5.15493    9.38048
  158  161  278   11   2.14775    1.19783          -    1.12689    3.73152     3.7631    6.84775
  158  162  279   11   2.97036    1.39474          -    1.52783    5.05916    4.38169    7.97341
  156  159  280   10   3.41797    1.21027          -    1.15041     3.8094    3.80216    6.91884
  156  160  281   10   10.3681    1.40921          -    1.55971    5.16474    4.42718    8.05618
  355  356  282    6   10.4107    2.87497          -    6.49169    23.1003    9.22264    17.3619
  355  357  283    6   4.92079    2.34308          -    4.31186     19.131    8.27777    16.7823
  358  360  284    8   2.92721    1.90905          -    2.86235    8.73467    6.73915    10.9855
  358  361  285    8   2.02958    1.76028          -    2.43363    8.60575    5.53009    10.3992
  360  364  286    9   5.83065     1.9641          -    3.02983    9.84643    6.85609    11.6001
  360  365  287    9   9.73085    1.61825          -    2.05676    9.01001    6.46745    11.7504
  165  167  288    9   2.53378    2.01873          -    3.20072    10.3442    6.34204    11.4013
  165  168  289    9   8.03868    1.40801          -    1.55704    6.88995    5.01124    9.82883
  363  366  290    9   2.82183     1.9954          -    3.12716    10.2043    6.26874    11.3239
  363  367  291    9   1.41056     1.7137          -    2.30653    7.52649    5.38374    9.72526
  174  176  292    7    11.435     2.0352          -    3.25314    12.6565    7.96249    13.2239
  174  177  293    7    2.7788    3.00788          -    7.10577    22.6077    11.2588    19.6221
  176  180  294    8   11.4487    1.72992          -    2.35039    9.14432     5.4347    10.7197
  176  181  295    8   2.58307    1.48569          -     1.7336    6.74465    4.66744    9.20629
  180  185  296    9   3.25752    1.26284          -    1.25252    4.87301    3.96733    7.82535
  180  184  297    9   10.0113    1.47043          -    1.69816    6.60677    4.61949     9.1117
  179  182  298    8   18.1936    1.86368          -    2.72794    10.2359    5.85494    11.3414
  179  183  299    8   3.62108    1.60058          -    2.01207    7.54979    5.02836     9.7403
  175  178  300    7   1.83882    1.88303          -    2.78487    10.4495    5.91571    11.4592
  175  179  301    7   9.53815    2.19257          -    3.77569    14.1674    6.88816    13.3429
  198  199  302    7   16.4941    2.14317          -    3.60749    11.7981    7.08585    12.5003
  198  200  303    7   2.18577    3.19163          -    8.00047    23.1456    12.3984    19.4379
  199  201  304    8   2.07294     2.6715          -    5.60531    16.2548    9.52542    16.3384
  199  202  305    8   6.18782     2.0756          -    3.38357    10.4265    7.08342    12.0511
  204  206  306    8   7.33121    1.84824          -    2.68292    10.8724    7.27814    13.9888
  204  209  307    8    15.597    2.00185          -    3.14742    12.1647    7.67393    14.2464
  205  207  308    8    9.8827    2.17823          -    3.72647    11.5999    6.84311    12.0735
  205  208  309    8   3.24891    1.87072          -    2.74856    8.55582    5.87702     10.369
  232  233  310    5    9.4653    2.97629          -    6.95728     22.376    9.86283     17.109
  232  234  311    5   2.87466    2.73765          -    5.88633     24.603    9.40808     18.884
  235  237  312    7   9.69736    2.25628          -    3.99832    16.4109    7.74985    15.2494
  235  238  313    7   12.5619    2.12826          -    3.55744    10.0258    7.09156    11.5315
  237  241  314    8   4.27665    4.54069          -    16.1932    34.3183    17.8353     24.447
  237  244  315    8   13.0326    1.65607          -      2.154    8.40253    6.07028    10.7684
  238  242  316    8   3.30986    1.86065          -    2.71907    10.4815    6.65876    12.7651
  238  243  317    8   9.35113    2.29933          -    4.15234    15.8627    9.50436    16.7164
  236  239  318    7   6.81137    2.15037          -    3.63174    11.6804    6.75558    12.1153
  236  240  319    7   6.19474    1.84679          -    2.67869    8.61521    5.80185    10.4049
  246  247  320    6   6.00386    2.61108          -    5.35463    16.6119    8.62234    14.9296
  246  248  321    6   5.89468    2.23324          -    3.91708    11.8653    7.37888    13.5082
  247  249  322    7   2.73438    1.90609          -    2.85348    8.85248    5.98815    10.5472
  247  250  323    7   4.20199    2.15165          -    3.63609    12.7396    7.53046    12.9778
  250  253  324    8   4.88931    1.66011          -    2.16452    9.42592    6.14353    11.5266
  250  254  325    8   2.07294    1.76611          -    2.44978    12.5362    6.20096    13.7422
  248  251  326    7   6.47933    1.89826          -    2.83009    8.57268    5.96355    10.3792
  248  252  327    7    3.4094    2.93096          -      6.747    19.6973    11.0682    17.3057
  255  256  328    6   6.24013    2.44378          -    4.69043     16.474    8.00591    15.3473
  255  257  329    6   18.0386    2.51211          -    4.95641    16.0488     8.2802    14.8871
  256  258  330    7   5.10328    1.90406          -    2.84741    9.51154     6.9049     11.962
  256  259  331    7   2.45932    2.69732          -    5.71418    15.1376    10.5928    16.4331
  258  260  332    8    4.1646    1.61845          -    2.05725    6.87209    5.08451    9.29286
  258  261  333    8   2.80223     1.5717          -    1.94013    8.99664     5.3834     11.944
  264  266  334    8   13.1468     2.1981          -    3.79477    14.0817    6.90554    13.3025
  264  267  335    8    5.5403    1.78343          -    2.49805     11.476    6.18333    13.4011
  268  270  336    9   5.61571    2.17268          -    3.70751    13.1231    7.64454    14.5157
  268  271  337    9   2.00361    1.86108          -    2.72032    8.29997    5.84675    10.2128
  272  273  338    7   5.71076    2.46674          -      4.779    14.8453    8.31759    14.8091
  272  274  339    7   7.56484    2.28057          -    4.08486    13.1024     7.8995    13.6252
  273  275  340    8   15.4637    2.12807          -    3.55682    9.88453     7.1412    11.6146
  273  276  341    8   2.45932    2.29951          -    4.15297    15.2493    7.83958    15.4355
  274  277  342    8   2.14775    1.85771          -    2.71048    10.2945    6.71685    13.6744
  274  278  343    8   6.52084    2.35217          -    4.34537    11.1419    10.0498    16.1337
  289  293  344   10   10.3114    2.23037          -    3.90701    14.6081    7.49905    14.0989
  289  294  345   10   15.3447    1.78253          -    2.49554    11.5302    5.59999    12.0372
  288  291  346    9   5.69529    2.74937          -    5.93685    22.1031    9.36124    17.5598
  288  292  347    9   6.22869    1.77283          -    2.46845    12.5783    6.30049    14.3025
  372  375  348    7   29.2839    1.91236          -    2.87229    12.0936    6.85002     13.494
  372  376  349    7   12.5372     2.0689          -    3.36177    12.2228    7.15454    13.5352
  298  299  350    5   25.0152    2.27694          -    4.07186    15.3757    9.04446    15.8868
  298  300  351    5   22.8371    2.66675          -    5.58542    18.7006    8.69551      15.84
  300  301  352    6   8.25869    2.26861          -    4.04214    14.2767    7.82457    14.7713
  300  302  353    6   10.1406    1.81987          -    2.60117    8.24901    6.10666    10.5224
  302  303  354    7   1.94331    1.54689          -    1.87935    5.95991    4.85969    8.65416
  302  304  355    7   1.83882     1.3285          -    1.38616     4.3959    4.17361    7.43239
  306  307  356    6   8.59141    2.49319          -    4.88203    18.2446    8.15064    15.5622
  306  308  357    6   2.22511    3.43603          -    9.27263     26.147     12.103    20.3799
  307  309  358    7   11.1186     2.3196          -    4.22586    14.5927    7.72324    14.2035
  307  310  359    7   7.14475    2.13765          -    3.58892    13.8523    7.64744    14.6014
  309  311  360    8   1.54215    1.69331          -    2.25196    7.77645    5.31968    9.88543
  309  312  361    8   6.91057    2.46264          -    4.76313    15.8555    10.6134    17.8503
  313  314  362    6   17.0992    1.59117          -    1.98849    8.64565    5.72315    10.8623
  313  315  363    6   13.8792    1.97864          -    3.07486    11.7933     6.8672    13.2446
  314  316  364    7   3.36829    2.40082          -      4.527    16.3087    9.02477    16.2509
  314  317  365    7   5.21325    2.55697          -      5.135    17.2702    8.83382    15.4338
  319  320  366    6    13.193    2.44774          -    4.70566    15.0467    8.27343    14.2506
  319  321  367    6   22.9992    1.99006          -    3.11044    10.1059     6.6426    11.5913
  320  322  368    7   15.5936    1.55332          -    1.89501     8.1034    5.72315    11.3508
  320  323  369    7   3.99277     1.5761          -      1.951     8.2633      5.866    10.6412
  326  328  370    8   8.70039    1.79569          -    2.53253    9.76453      6.472    12.9149
  326  331  371    8   26.1777    2.16373          -    3.67703    15.1658    7.15996    14.5523
  333  335  372    8   1.62622    1.86336          -    2.72699    8.40776    5.85392    10.2789
  333  336  373    8   3.74157    2.16966          -    3.69722    11.3992     6.8162    11.9685
  334  337  374    8   21.0018    1.86336          -    2.72699    8.40776    5.85392    10.2789
  334  338  375    8   2.02636     1.6003          -    2.01137    6.20138    5.02748    8.82773
  340  341  376    7   12.7105    2.72353          -     5.8258    17.4521    8.55623    14.8091
  340  342  377    7   3.70756    2.33904          -    4.29698    12.8723     7.3483    12.7184
  352  353  378   13     7.526    2.13773          -     3.5892    12.2964    6.71589    12.4307
  352  354  379   13   2.27862    1.83594          -    2.64731    9.06958    5.76777    10.6758
  359  362  380    8   3.07514    2.01611          -    3.19242    10.4173    6.33381    11.4415
  359  363  381    8   11.4077    2.34753          -    4.32825    14.1236    7.37499    13.3223
  376  377  382    8   1.91056     1.5103          -    1.79149    6.51353    4.74473    9.04718
  376  378  383    8   2.92721    1.75856          -    2.42888    8.83097    5.52469    10.5344
  381  382  384   11   5.84562    1.63919          -    2.11031    6.00066    5.14966    8.68369
  381  383  385   11   6.27815    1.90864          -    2.86114    8.13562    5.99617    10.1111
