Title="NZL00407_IN0_Central_1D_withDiameter"
Vertex = "x","y","z","bpName"
Link = "bp0","bp1", "id","generation","length","diameter", "name","InArea","OutArea","InPeri","OutPeri"
N=408, E=407
     151.796808      111.581982             0.5 unnamed
     143.300718      147.831966            97.5 unnamed
     126.308538      150.663996             116 unnamed
     178.984296      154.062432           130.5 unnamed
     111.581982      149.531184           110.5 unnamed
     190.878822      150.663996             128 unnamed
     184.648356      160.292898             136 unnamed
     105.917922      139.335876             113 unnamed
      110.44917       150.09759             109 unnamed
     115.546824      151.796808             136 unnamed
      201.07413      142.167906           135.5 unnamed
     197.109288      150.663996           121.5 unnamed
     185.214762      171.621018             132 unnamed
     197.109288      165.956958           149.5 unnamed
      97.988238      137.070252           111.5 unnamed
     105.917922      123.476508             116 unnamed
     108.183546       147.26556              99 unnamed
     106.484328      155.195244             103 unnamed
     113.847606      159.726492           134.5 unnamed
     209.003814      130.839786             144 unnamed
     202.773348       144.43353           119.5 unnamed
     185.214762      180.117108           135.5 unnamed
     188.046792       178.41789           125.5 unnamed
      206.73819       161.42571           158.5 unnamed
       198.2421        169.9218           153.5 unnamed
      91.191366       135.93744             113 unnamed
      90.058554      133.671816           105.5 unnamed
     103.085892       116.11323             119 unnamed
     108.183546      117.246042           113.5 unnamed
      97.421832       158.59368            98.5 unnamed
     107.050734      161.992116              95 unnamed
      110.44917      154.628838           143.5 unnamed
     105.917922      168.222582             131 unnamed
     116.679636      162.558522             133 unnamed
      229.39443      106.484328           152.5 unnamed
     211.269438      128.574162           147.5 unnamed
     205.038972      136.503846             119 unnamed
     205.605378       144.43353           120.5 unnamed
     184.648356      182.949138             138 unnamed
     192.011634      193.710852           136.5 unnamed
     194.277258      183.515544             122 unnamed
     188.046792      182.949138             119 unnamed
     214.667874      157.460868           163.5 unnamed
     210.136626       158.59368           168.5 unnamed
     207.304596      168.788988             158 unnamed
      87.226524       133.10541           114.5 unnamed
      69.667938      142.167906           111.5 unnamed
      88.925742      130.839786           104.5 unnamed
      72.499968      134.238222              97 unnamed
     104.218704      103.652298             124 unnamed
      94.023396      108.183546             121 unnamed
      110.44917      118.378854             114 unnamed
      110.44917      108.749952             112 unnamed
      92.324178      160.859304            96.5 unnamed
      96.855426       158.59368           101.5 unnamed
     100.820268      173.886642              87 unnamed
     105.351516       158.59368           148.5 unnamed
     113.847606      154.628838             152 unnamed
      98.554644      185.214762           133.5 unnamed
      101.95308      171.054612           127.5 unnamed
     115.546824      188.613198             136 unnamed
     119.511666      163.691334             129 unnamed
      232.22646       94.589802             157 unnamed
     237.324114        99.12105             159 unnamed
     210.703032      129.706974             149 unnamed
     216.367092       124.60932           152.5 unnamed
     205.038972      124.042914             121 unnamed
     211.269438      130.839786           114.5 unnamed
     205.605378       144.43353             122 unnamed
     210.136626      143.867124             119 unnamed
     180.683514      185.214762           136.5 unnamed
     183.515544       189.74601             146 unnamed
     195.976476       201.07413           134.5 unnamed
     195.976476      205.605378           143.5 unnamed
     194.843664      182.949138           124.5 unnamed
      195.41007      185.214762           120.5 unnamed
     182.949138      185.214762           109.5 unnamed
      223.73037      154.628838             162 unnamed
     227.128806       147.26556           173.5 unnamed
     211.835844      160.859304             179 unnamed
     214.667874      151.230402             181 unnamed
     214.667874      171.054612           153.5 unnamed
     218.632716      169.355394             166 unnamed
      64.003878      144.999936             113 unnamed
      69.101532        141.6015           112.5 unnamed
     112.148388      104.218704             108 unnamed
     111.581982      105.351516             113 unnamed
      87.226524      160.859304              98 unnamed
      88.359336      165.390552              92 unnamed
      96.855426      183.515544              83 unnamed
      92.324178      181.816326              74 unnamed
     108.183546      181.816326            66.5 unnamed
     101.386674      165.956958             155 unnamed
       93.45699      159.160086             152 unnamed
       113.2812       152.92962             162 unnamed
      118.94526      158.027274           156.5 unnamed
      94.023396      188.613198           134.5 unnamed
      97.421832      196.542882           131.5 unnamed
       82.12887      180.683514             123 unnamed
      95.722614      185.214762             119 unnamed
     216.933498      125.742132           152.5 unnamed
     222.031152      117.246042             158 unnamed
       198.2421      107.050734           115.5 unnamed
      206.73819       118.94526           123.5 unnamed
     217.499904      145.566342           119.5 unnamed
     214.667874      143.300718             115 unnamed
     199.374912      204.472566           134.5 unnamed
      195.41007       206.73819           132.5 unnamed
     193.144446      195.976476             107 unnamed
      235.05849      156.328056             158 unnamed
     233.359272      146.132748           178.5 unnamed
     231.093648       178.41789             157 unnamed
     224.296776       175.58586           144.5 unnamed
      220.89834      172.187424           166.5 unnamed
      232.22646        169.9218           179.5 unnamed
      87.226524      160.292898              99 unnamed
        84.9609      160.859304              97 unnamed
      107.61714      182.382732              64 unnamed
     108.183546      182.949138            66.5 unnamed
      92.890584      171.054612             157 unnamed
      86.093712      160.859304           148.5 unnamed
       82.12887       155.76165           158.5 unnamed
     103.652298      148.398372             171 unnamed
     109.882764      158.027274             178 unnamed
     120.644478      158.027274             157 unnamed
      121.77729      167.656176             167 unnamed
      81.562464      180.683514             124 unnamed
      79.863246      182.949138             122 unnamed
      94.589802      185.781168           119.5 unnamed
      95.722614       186.91398           117.5 unnamed
     197.109288      107.050734           115.5 unnamed
     195.976476      102.519486             115 unnamed
     208.437408      114.414012             124 unnamed
     207.304596       118.94526           124.5 unnamed
     242.988174      145.566342           165.5 unnamed
     236.191302      157.460868           158.5 unnamed
      240.72255      156.328056             154 unnamed
     242.988174      130.839786             186 unnamed
      229.39443      182.949138             139 unnamed
     228.828024      173.886642             141 unnamed
      68.535126      160.292898              91 unnamed
      72.499968      177.851484             170 unnamed
      80.429652      188.046792           157.5 unnamed
      80.996058      163.691334             147 unnamed
      86.093712      159.160086             147 unnamed
      77.597622      152.363214             161 unnamed
      72.499968      158.027274             163 unnamed
     100.253862      149.531184           172.5 unnamed
     101.386674      143.867124             174 unnamed
      121.77729      174.453048           167.5 unnamed
      124.60932      168.788988             174 unnamed
     208.437408      112.148388             126 unnamed
     211.269438      111.015576           122.5 unnamed
      74.765592       164.25774              98 unnamed
      71.367156      179.550702             170 unnamed
       70.80075      176.718672           171.5 unnamed
      74.765592      163.691334             147 unnamed
      74.765592      168.222582             143 unnamed
      68.535126      148.398372             167 unnamed
      77.597622       150.09759           159.5 unnamed
      55.507788      160.859304           184.5 unnamed
      64.570284      156.894462             165 unnamed
      71.367156      176.718672           172.5 unnamed
      58.339818      177.285078           178.5 unnamed
      73.066374      165.390552             148 unnamed
      56.074194      160.292898             146 unnamed
      71.933562        169.9218           140.5 unnamed
      43.613262      137.636658             187 unnamed
      67.402314      146.132748           170.5 unnamed
      63.437472      157.460868             167 unnamed
      68.535126      166.523364           148.5 unnamed
      73.066374      164.824146             149 unnamed
      63.437472       184.08195             143 unnamed
      60.605442      156.894462           165.5 unnamed
      60.605442       158.59368           165.5 unnamed
       50.97654       155.76165           167.5 unnamed
      44.179668      154.062432             169 unnamed
       50.97654       155.76165             169 unnamed
     106.484328      136.503846           145.5 unnamed
       99.12105      130.839786             148 unnamed
      94.589802      122.910102             156 unnamed
      89.492148      126.308538             148 unnamed
       93.45699      125.175726           158.5 unnamed
      86.093712      111.581982           164.5 unnamed
      84.394494       121.77729             149 unnamed
      86.093712      128.007756           146.5 unnamed
      91.191366      125.742132             159 unnamed
      94.023396       124.60932             160 unnamed
      66.835908       92.890584             180 unnamed
      85.527306       107.61714           168.5 unnamed
      78.730434      117.246042           152.5 unnamed
       73.63278      100.253862             146 unnamed
      67.402314      128.007756           141.5 unnamed
      85.527306       130.27338           144.5 unnamed
     199.941318       175.58586             160 unnamed
      201.07413       178.41789             165 unnamed
     202.773348       181.24992           170.5 unnamed
     194.843664      178.984296             175 unnamed
     208.437408      184.648356           181.5 unnamed
     194.277258      178.984296           178.5 unnamed
     191.445228      178.984296             176 unnamed
     218.632716      187.480386           190.5 unnamed
     208.437408      193.710852           197.5 unnamed
     200.507724      190.878822             178 unnamed
     202.206942      197.675694             179 unnamed
     199.374912      194.277258           183.5 unnamed
     202.773348      198.808506             179 unnamed
     201.640536      196.542882           180.5 unnamed
     202.206942      204.472566             179 unnamed
     205.038972       201.07413           180.5 unnamed
     207.304596      203.339754           181.5 unnamed
     204.472566      200.507724             182 unnamed
     211.269438       206.73819           181.5 unnamed
      206.73819      202.773348             183 unnamed
     100.820268      170.488206           159.5 unnamed
     101.386674      182.949138             159 unnamed
     102.519486      188.046792           161.5 unnamed
      91.757772      202.773348             159 unnamed
     104.218704      188.046792             162 unnamed
     102.519486      193.710852             164 unnamed
      91.757772      205.038972             158 unnamed
      104.78511       195.41007             164 unnamed
     100.820268      199.374912           166.5 unnamed
      89.492148      204.472566             160 unnamed
      98.554644       175.58586           166.5 unnamed
     103.652298      182.382732             178 unnamed
      90.058554      182.949138           174.5 unnamed
     105.351516      182.949138           177.5 unnamed
     103.085892      183.515544             179 unnamed
      88.359336      182.949138             176 unnamed
      83.261682       189.74601           175.5 unnamed
     103.085892      192.011634             187 unnamed
     106.484328       184.08195             186 unnamed
      88.359336      188.046792             179 unnamed
     202.773348      183.515544           158.5 unnamed
      206.73819      188.613198             158 unnamed
     204.472566      184.648356           152.5 unnamed
      223.73037       201.07413           163.5 unnamed
     210.703032      197.675694           155.5 unnamed
      212.40225      199.374912             155 unnamed
     211.835844      197.109288           154.5 unnamed
     105.917922      150.663996              91 unnamed
      95.722614      151.796808            81.5 unnamed
      91.757772       152.92962            80.5 unnamed
      92.890584      151.230402              76 unnamed
      91.191366      154.062432            81.5 unnamed
      83.828088      154.628838              75 unnamed
      86.093712      151.796808              67 unnamed
      94.023396      149.531184            75.5 unnamed
      83.261682       155.76165              74 unnamed
        84.9609      154.628838            59.5 unnamed
       76.46481       152.92962              74 unnamed
      85.527306       152.92962              53 unnamed
      83.828088       155.76165              58 unnamed
      83.828088       150.09759            65.5 unnamed
      74.765592      153.496026            73.5 unnamed
      75.898404      151.796808            75.5 unnamed
     104.218704      160.292898              69 unnamed
      101.95308      162.558522            66.5 unnamed
      104.78511      163.124928            61.5 unnamed
     103.085892      165.956958              58 unnamed
     107.050734      162.558522            58.5 unnamed
     107.050734       161.42571            58.5 unnamed
     109.882764      163.691334            52.5 unnamed
     115.546824      163.691334              50 unnamed
      107.61714      161.992116            44.5 unnamed
     108.183546      143.300718              95 unnamed
     102.519486      137.070252              87 unnamed
     101.386674      134.804628              84 unnamed
       96.28902      125.742132            81.5 unnamed
       99.12105      133.671816            73.5 unnamed
      94.589802      124.042914              82 unnamed
      95.156208       121.77729            79.5 unnamed
      99.687456       133.10541            63.5 unnamed
      95.156208       133.10541              71 unnamed
       93.45699      117.812448              78 unnamed
      96.855426      121.210884              79 unnamed
      97.988238      134.804628            86.5 unnamed
      97.421832      133.671816              89 unnamed
      85.527306      129.706974              81 unnamed
     111.015576      141.035094              91 unnamed
     112.714794      142.167906              85 unnamed
     112.148388        141.6015            70.5 unnamed
       113.2812      141.035094            70.5 unnamed
     111.581982      142.167906              65 unnamed
     117.812448      142.167906              55 unnamed
     109.882764      142.734312              62 unnamed
      118.94526      141.035094            48.5 unnamed
     119.511666      143.300718            54.5 unnamed
     112.714794      133.671816            88.5 unnamed
      116.11323      126.308538            90.5 unnamed
     114.414012      125.175726              81 unnamed
     117.812448      125.175726              92 unnamed
      116.11323      121.210884              90 unnamed
      107.61714      128.007756             148 unnamed
      107.61714      123.476508           155.5 unnamed
     109.316358      123.476508           156.5 unnamed
      104.78511       116.11323             163 unnamed
     112.714794      129.140568             160 unnamed
     112.148388      119.511666           159.5 unnamed
     104.218704      116.679636             164 unnamed
     102.519486      108.749952           168.5 unnamed
     112.714794      128.574162             161 unnamed
       113.2812      131.406192           159.5 unnamed
      104.78511      117.812448           151.5 unnamed
     100.820268       110.44917             154 unnamed
     108.183546      109.882764             153 unnamed
      90.058554       91.191366             157 unnamed
       93.45699        87.79293             170 unnamed
      110.44917      105.917922             150 unnamed
       90.62496       90.058554             157 unnamed
      89.492148       80.429652             173 unnamed
      92.890584       82.695276           174.5 unnamed
        84.9609         84.9609             159 unnamed
      95.156208       81.562464           176.5 unnamed
      91.757772        70.80075             186 unnamed
     108.749952      101.386674           157.5 unnamed
     108.749952       94.023396           158.5 unnamed
     111.015576       85.527306           162.5 unnamed
     104.218704       91.191366           154.5 unnamed
      110.44917       84.394494             162 unnamed
     117.246042       78.730434           166.5 unnamed
      110.44917       94.023396             163 unnamed
     111.581982       78.164028             176 unnamed
     112.148388       94.589802             165 unnamed
     199.941318       150.09759           114.5 unnamed
       198.2421      148.964778             104 unnamed
     199.374912      143.300718              99 unnamed
     195.976476      154.062432              93 unnamed
     208.437408      142.167906              87 unnamed
       198.2421      140.468688              97 unnamed
     192.011634      156.328056              88 unnamed
     197.675694       158.59368              81 unnamed
     216.367092        141.6015              79 unnamed
      206.73819       144.43353              86 unnamed
     199.374912      137.070252              90 unnamed
     197.109288      135.371034            96.5 unnamed
     189.179604      153.496026            85.5 unnamed
     190.878822      162.558522              84 unnamed
       198.2421      164.824146              72 unnamed
       198.2421      158.027274              71 unnamed
     216.933498      142.167906              78 unnamed
     197.675694       135.93744            77.5 unnamed
     203.339754       130.27338            87.5 unnamed
      192.57804       124.60932              90 unnamed
     190.312416      125.175726           102.5 unnamed
      186.91398      150.663996              85 unnamed
     189.179604      154.062432            82.5 unnamed
     188.613198      164.824146            80.5 unnamed
     192.011634      166.523364            83.5 unnamed
     202.773348      165.390552              69 unnamed
     197.109288      170.488206              66 unnamed
     187.480386       161.42571            54.5 unnamed
     200.507724      157.460868              68 unnamed
     219.199122      138.203064              76 unnamed
     193.710852       135.93744            67.5 unnamed
     199.941318      135.371034            76.5 unnamed
     205.038972       127.44135            85.5 unnamed
     202.773348      128.574162              89 unnamed
     190.312416      124.042914              87 unnamed
     192.011634      120.644478            89.5 unnamed
     185.781168      142.167906              85 unnamed
     185.781168      150.663996            84.5 unnamed
     193.144446      166.523364            83.5 unnamed
     190.878822      171.054612            83.5 unnamed
      195.41007      177.285078            60.5 unnamed
     199.374912      172.187424            57.5 unnamed
      184.08195       161.42571              53 unnamed
     189.179604      161.992116              53 unnamed
     189.179604      137.070252            60.5 unnamed
     194.843664      132.539004            61.5 unnamed
      206.73819      122.910102              84 unnamed
      206.73819      128.574162              85 unnamed
     193.144446      119.511666              90 unnamed
     188.046792      112.714794              86 unnamed
     185.214762       138.76947            83.5 unnamed
     185.781168      141.035094            86.5 unnamed
     190.878822      172.187424              83 unnamed
      189.74601      172.187424            86.5 unnamed
     195.976476      181.816326              58 unnamed
     193.710852      176.718672            60.5 unnamed
      206.73819      119.511666            81.5 unnamed
     208.437408      120.078072              84 unnamed
      181.24992      105.917922            88.5 unnamed
     187.480386      109.316358            82.5 unnamed
      203.90616       155.76165           107.5 unnamed
     205.605378      159.726492             102 unnamed
     205.605378       164.25774             101 unnamed
     211.269438       167.08977              91 unnamed
     213.535062      176.152266            83.5 unnamed
     215.800686      165.956958              86 unnamed
     211.835844      185.214762            76.5 unnamed
      215.23428       178.41789            82.5 unnamed
     210.136626      156.328056             105 unnamed
      223.73037      163.124928             101 unnamed
      223.73037       155.76165              91 unnamed
     225.429588      156.328056              90 unnamed
      223.73037      155.195244            88.5 unnamed
     117.812448      146.132748              79 unnamed
     120.078072      145.566342              80 unnamed
     119.511666      151.796808              73 unnamed
     209.003814      131.972598             137 unnamed
     217.499904       130.27338           136.5 unnamed
     214.101468      124.042914           137.5 unnamed
     222.031152       127.44135             138 unnamed
     224.863182       101.95308           141.5 unnamed
      215.23428      114.980418           139.5 unnamed
     228.828024       130.27338           133.5 unnamed
    1    2    1    0   110.299    17.2026    Trachea    232.422    394.364    56.9614    73.0206
    2    3    2    1   25.9497     16.033        RMB    201.893    341.676    52.2671    67.5449
    2    4    3    1    51.264     13.958        LMB    153.015    280.398    45.3837    60.8343
    3    5    4    2   16.4142    9.49427        RUL    70.7967    163.577    33.8994    48.8762
    3   10    5    2   23.3686    11.5186    BronInt    104.205    203.728    39.0525    53.6771
    4    6    6    2   12.9362    10.7899        LUL    91.4375    157.602    34.6856    45.1158
    4    7    7    2   10.3594    10.3456       LLB6    84.0624    177.671    34.1302    49.7506
    5    8    8    3   12.1257    6.42536        RB3    32.4254    74.0762    20.4624    30.7421
    5    9    9    3   1.99998    9.62943          -    72.8268     123.38    35.6939    44.2462
    6   11   10    3   16.0454    5.59874      LB4+5     24.619    57.6786    18.1217    27.3016
    6   12   11    3   9.26681    7.94453          -    49.5708    103.294     26.162     36.977
    7   13   12    3    12.415    6.93018        LB6    37.7206    80.5177    22.1263    32.0833
    7   14   13    3   19.4699    6.73202        LLB    35.5943    73.8946    21.6511    30.8344
    8   15   14    4   8.57759    4.25155      rb3_b    14.1966    38.3446     13.661       22.3
    8   16   15    4   16.4067    5.52263      rb3_a    23.9542    51.7619    17.6877    25.8793
    9   17   16    3      11.5    4.45232        RB1    15.5691    43.4835     14.363    23.6143
    9   18   17    3   9.00127    4.35478        RB2    14.8944    39.7625     14.154    22.8526
   10  179   18    3   21.3374    5.83133      RB4+5     26.707    61.3467    19.2943    28.5562
   10   19   19    3   8.70218    5.44209        RB6    23.2606     58.897    17.7507    27.6462
   11  402   20    4   13.2723    3.63226        LB4     10.362    34.2184    11.9091    21.1019
   11   20   21    4   16.4211    3.33191        LB5    8.71922    26.0884    11.4012    18.9122
   12   21   22    3   9.05894    5.46994        LB3    23.4993    55.8473    17.6074    26.8403
   12  326   23    3   7.96062    5.22101      LB1+2    21.4091    53.5068    16.8191    26.2333
   13   22   24    4    9.3473    4.45383      lb6_a    15.5796    39.5163    14.2483    22.5121
   13   23   25    4   9.95021    4.42766      lb6_b    15.3971    42.7081    14.3158    23.4793
   14   24   26    4   14.4054    4.99797        LB8     19.619    50.0891    16.1207    25.3574
   14   25   27    4   5.90751     6.8809          -    37.1861    77.9674    22.9555    32.3107
   15   26   28    5   7.27048    3.12636          -     7.6766    22.8365    10.1593    17.3395
   15   27   29    5   10.6454    2.78204          -     6.0788    19.8176    8.96346    15.9412
   16   28   30    5   8.61774    3.44407          -    9.31607    25.5824    11.1524    18.2055
   16   29   31    5    7.2101    3.60186          -    10.1893    29.5008    11.6917    19.6382
   17  242   32    4   9.26908    3.92606      rb1_a    12.1061    36.4368    12.6737    21.6498
   17  267   33    4   5.72799    4.66239      rb1_b    17.0729    44.0805    15.1556    24.0058
   18   30   34    4   10.8848    3.00242      rb2_a    7.07998    22.0513    9.80345     17.004
   18   31   35    4   10.6536     3.8023      rb2_b    11.3549    32.1335    12.2023    20.3815
   10   32   36    3   9.71261    8.35225       RLL7    54.7895    106.061    26.8331    36.9673
   19   33   37    4   12.2857    3.64044      rb6_a    10.4087     28.861    11.6965    19.2799
   19   34   38    4   4.44796    4.40272      rb6_b    15.2241    42.3053    14.2456    23.4291
  402  403   39    5   8.85911     2.1476      lb4_a    3.62241    14.8013     7.0785    14.0462
  402  404   40    5   9.59441    2.48517      lb4_b    4.85069    19.2131    8.12287    15.8936
   20   35   41    5   33.4874    2.55294      lb5_a    5.11884    13.9993    8.37949    13.8615
   20   36   42    5   4.85827    2.85321      lb5_b    6.39377    21.2698    9.30471    16.7668
   21   37   43    4   8.39959    4.15751      lb3_b    13.5755    36.7407    13.7039    21.8632
   21   38   44    4    3.2672    3.99306      lb3_a    12.5228     29.761    12.5446    19.3388
  326  386   45    4   10.0856    3.41127        LB2     9.1395    28.4506    10.9402    19.1944
  326  327   46    4   11.2602     4.7625        LB1    17.8139    46.2329     15.344    24.4409
   22   39   47    5   3.87893    2.83724          -    6.32238    20.9407    9.75489    16.8771
   22   40   48    5   15.4547    2.73409          -    5.87105    17.4579    8.86293    15.0711
   23   41   49    5   8.87446    2.14856          -    3.62564    11.6034    7.12559    12.6884
   23   42   50    5   8.17626    2.87915          -    6.51058    22.2614     9.7675    17.3481
   24   43   51    5   10.7419    4.40837      lb8_a    15.2632    42.3602    14.4464    23.4727
   24   44   52    5   11.5747    3.62164      lb8_b    10.3015     32.146    12.2601     20.749
   25   45   53    4   10.5255    4.76564        LB9    17.8374    46.5654    15.2155    24.3689
   25  195   54    4     8.911    5.78744       LB10    26.3065    61.2658    18.5243    28.0364
   26   46   55    6   5.26128    2.34536          -    4.32024     13.956    7.79192    13.5903
   26   47   56    6   22.7718    2.16792          -    3.69129    12.7818    7.16698    13.3057
   27   48   57    6    3.3117    2.34921          -    4.33444    13.7856    7.94449    13.8553
   27   49   58    6    21.816     2.0115          -    3.17784    10.4469    6.81613    12.1883
   28   50   59    6   13.6603    1.86969          -    2.74555    10.4706    6.32125    11.8845
   28   51   60    6   12.3585     2.0725          -    3.37348    11.9385    6.92245    12.8651
   29   52   61    6   2.62009    3.04846          -    7.29877    24.7696    10.0702    18.5678
   29   53   62    6   9.21919    3.57705          -    10.0494    28.1716    11.8006    19.3104
  242  243   63    5     14.21    2.32362          -    4.24053    13.0705    7.66403    13.1048
  242  258   64    5   24.6832    2.73045          -    5.85544    19.5437    8.93626    16.1459
  267  268   65    5    11.902    3.00831          -    7.10781    21.3173    9.87815    16.7772
  267  281   66    5   6.30332    3.96726          -    12.3615    36.1212    12.9999    21.8018
   30   54   67    5   5.95234    2.73698          -    5.88345    18.7195    8.95245    15.8796
   30   55   68    5   3.13979    2.19216          -    3.77427    14.8587    7.11559    14.9044
   31   56   69    5   15.8945    2.81003          -    6.20172    18.0752    9.12101    15.2424
   31   92   70    5   35.9038    2.05786          -    3.32601    12.2149    7.28742    13.2957
   32   57   71    4   8.32779     5.9928        RLL    28.2065    65.5816    19.4419    29.1316
   32   58   72    4   9.65789    4.65092        RB7     16.989    44.9281    14.9794    24.0574
   33   59   73    5   18.9342      2.722          -    5.81924    15.6534    9.22256    14.9728
   33   60   74    5   6.04779    2.89597          -    6.58687    21.8558    9.35541    16.8325
   34   61   75    5   27.2636    2.43493          -    4.65654    16.0414    8.05301    14.6374
   34   62   76    5   5.07835     2.6029          -    5.32115    20.3527    8.51016    16.3714
   35   63   77    6   13.8198       2.17          -    3.69836    10.1145    6.81726     11.274
   35   64   78    6    12.815    2.38837          -    4.48017    15.8783    8.59036    15.1976
   36   65   79    6   1.99998    2.82241          -    6.25649    20.2457    9.94146    16.9728
   36   66   80    6   8.22373     2.3539          -    4.35177    15.0108     7.7164    13.9248
   37   67   81    5   12.7946    3.29402          -    8.52204    24.8009    11.2147    18.7974
   37   68   82    5   9.59266    2.50218          -    4.91731    15.4666    8.41641    14.6709
   38   69   83    5       1.5    2.91493          -    6.67339    15.8597    9.15753    14.1173
   38   70   84    5   4.86089    3.35081          -    8.81842    27.6019    10.8016    19.0814
  386  394   85    5    6.7792    1.95534      lb2_b    3.00285     11.175    6.68844    12.5644
  386  387   86    5   7.15065    2.66442      lb2_a    5.57566    18.0965    8.75184    15.5421
  327  328   87    5   8.01516    4.05223      lb1_b    12.8967    37.2318    13.3116    22.1198
  327  329   88    5   12.8758     3.2585      lb1_a    8.33924    25.2251    10.9571    18.4134
   39   71   89    6   4.86619    2.62197          -     5.3994    18.4952    8.67296    15.7793
   39   72   90    6   10.7173    2.04968          -    3.29961    13.1726    6.97042    13.4889
   40   73   91    6   8.68369    2.21678          -    3.85955    11.7095    7.45515    12.8244
   40   74   92    6   14.5197    1.76089          -    2.43531     7.4246     5.8927     10.004
   41   75   93    6   2.99507    3.43155          -    9.24849    23.4607    13.8029    20.5651
   41   76   94    6   2.56765     2.2864          -    4.10577    13.2365      7.623    13.4376
   42   77   95    6   11.3685    1.89889          -    2.83198    9.34226    6.72477    12.1093
   42  109   96    6   18.7934    2.03532          -    3.25353    10.1387    6.73288    11.5526
   43   78   97    6   9.84836    3.41776          -     9.1743    26.0955    10.9405    18.4249
   43   79   98    6   19.0568    3.40252          -    9.09265    24.0681    11.2556     17.959
   44   80   99    6   11.0604    2.57914          -    5.22445    17.6898    8.64064    15.4141
   44   81  100    6    15.576    2.69628          -    5.70977    19.8974     9.0995    16.3689
   45   82  101    5   8.98152    2.96339      lb9_a    6.89713    21.3297    9.73012    16.6865
   45   83  102    5   14.2692    3.63909      lb9_b     10.401    30.5172    11.9301    20.0419
  195  235  103    5    9.1813    3.26714     lb10_b    8.38352    24.1141    10.6112     17.751
  195  196  104    5    6.2886    5.96531     lb10_a    27.9483    63.4174    19.4032    28.7031
   47   84  105    7   7.15909    1.84274          -    2.66696    9.23485    5.78913    10.7726
   47   85  106    7   1.30879    1.58258          -    1.96709    6.81142    4.97184    9.25175
   53   86  107    7   6.53456    2.22679          -    3.89447    11.3802    7.32616    12.7157
   53   87  108    7   3.82996    2.49142          -    4.87509    15.5391    8.69912    14.7646
  260  262  109    7   3.89737    2.04517          -    3.28511    12.2918    6.65436    12.7926
  260  261  110    7   4.91908    2.02173          -    3.21022    11.0079    7.12475    12.8262
  269  270  111    7   10.8575    1.36705          -    1.46777    5.11132    4.81068    8.50567
  269  271  112    7   11.4922     1.8733          -    2.75615    10.4954    6.39526    12.2038
  281  282  113    6   6.52863    2.94818          -    6.82651    21.7093    9.82555     16.926
  281  290  114    6   8.06548    2.77982          -     6.0691     18.491    9.04309    15.4701
   54   88  115    6   5.44964    2.31872          -    4.22268    15.6279      7.678    14.3205
   54   89  116    6   7.58733    2.44646          -    4.70072    16.7788    7.86153    14.8174
   56   90  117    6   11.3549    1.95752          -    3.00956    9.35637    6.50299    11.6919
   56   91  118    6   17.6743    2.05896          -    3.32956    11.1286     7.2577    12.8301
   57   93  119    5   11.0927    5.51431          -    23.8821    55.5358    17.8081    26.8536
   57   94  120    5   12.6468    4.59557        RB8     16.587    43.0355    15.0954    23.8657
   58   95  121    5   10.4567    3.46614      rb7_b    9.43586    28.3597    11.2313    19.1659
   58   96  122    5   7.84993    2.63806      rb7_a    5.46585    19.4442    9.11572    16.3564
   59   97  123    6    5.8245    2.16271          -    3.67356     12.884    7.31103    13.6922
   59   98  124    6   11.9324    1.87377          -    2.75753    9.74595    6.15971    11.5889
   60   99  125    6   23.0239    1.99816          -    3.13581     11.631    6.61662    12.5668
   60  100  126    6    17.845    2.02768          -    3.22914     10.118    6.97808    11.7581
   66  101  127    7   1.27778    1.71835          -    2.31906    7.99926    5.39835     10.026
   66  102  128    7   10.9805    2.19331          -    3.77825    12.2219    7.26905    12.9602
   67  103  129    6   19.4158    2.49861          -    4.90328    13.9644    8.20761    13.5477
   67  104  130    6   6.04181    2.62313          -    5.40416    16.4529    9.12278    14.8556
   70  105  131    6   7.63508      2.088          -    3.42413    12.8248    6.87951    13.1707
   70  106  132    6   6.09378    2.14249          -     3.6052    12.9411    7.11731    13.2075
  328  330  133    6    15.204    1.63893          -    2.10965    8.17524    5.93515     11.431
  328  331  134    6   3.71172    3.46982          -    9.45592    31.7407     11.344    20.3714
  329  332  135    6   7.02302    2.45957          -    4.75126    18.3294    8.09642    15.5333
  329  333  136    6   13.2959    2.56385          -    5.16269    16.4873    8.55841    14.6549
   73  107  137    7   4.80611    1.63088          -    2.08898    6.90676    5.63349    9.90394
   73  108  138    7   6.29132    1.95523          -    3.00253    11.4983    6.70975    13.0346
   78  135  139    7   22.6539    1.90192          -    2.84101    10.9302    6.34684    12.0967
   78  110  140    7   12.4149    2.46747          -    4.78182    15.7108    8.27241    14.7354
   79  138  141    7   26.2849    2.46803          -    4.78399    15.7644     8.2354     14.397
   79  111  142    7   8.32407    2.19111          -    3.77066     11.993    7.39837    12.6461
   82  112  143    6   19.9992    1.97769          -     3.0719    11.4548    6.68036    12.5277
   82  113  144    6   14.1248    2.36084          -    4.37745    13.6556    7.81067    13.6596
   83  114  145    6   3.83616    2.17841          -     3.7271     13.958     7.2451    13.9242
   83  115  146    6    19.271    2.51833          -    4.98097    15.4774    8.39839     14.292
  236  238  147    7    22.055    1.87254          -    2.75393    9.89177    6.52704    12.0537
  236  239  148    7   10.4129    1.87571          -    2.76325    9.82985    6.51739     11.802
  196  197  149    6   6.60102    5.31231          -    22.1644    52.8026    17.2971    26.2987
  196  198  150    6   12.6066    1.89366          -     2.8164    9.43083    6.39611    11.4451
  282  399  151    7   8.98172    2.01017          -    3.17361    10.3678    6.70387    11.7717
  282  283  152    7   15.1735    1.60007          -    2.01079    6.59881    5.40065    9.51026
   88  116  153    7   1.16102    1.69267          -    2.25027    8.32811    5.31768    10.2301
   88  117  154    7   2.48626    2.22448          -    3.88641    13.4345    7.44283    13.2802
   92  118  155    6   2.78951    1.74919          -    2.40304    8.82527    5.49523     10.531
   92  119  156    6   1.18084    1.50224          -    1.77243    6.50932    4.71943    9.04425
  179  180  157    4   9.77958    4.12452        RB4    13.3609     36.557    13.2467    21.7734
  179  295  158    4    9.6013     4.8622        RB5    18.5676    48.5117    15.7026    24.9725
   93  120  159    5    10.203    4.00819        RB9    12.6179    35.2127    12.9285    21.3331
   93  215  160    5   6.94164    4.83665       RB10     18.373    47.0527    15.6218    24.8562
   94  121  161    6   8.48379    3.10432      rb8_b    7.56871    22.3652    10.2989    17.2442
   94  122  162    6   13.5742    4.03433      rb8_a     12.783    33.5074    13.1052    20.9342
   95  123  163    6   14.5084    2.63318          -    5.44565    17.2294    8.66872    15.2838
   95  124  164    6    19.523     2.1003          -     3.4646     13.103    6.85156    13.1699
   96  125  165    6   1.81404    2.78953          -    6.11158     16.084    9.61974    15.5011
   96  126  166    6   14.9179    2.30866          -    4.18611    14.4285    7.56226     14.085
   99  127  167    7   1.16102    1.45866          -    1.67107    6.19816     4.5825    8.82544
   99  128  168    7   3.36433    1.69843          -    2.26562     8.4034    5.33579    10.2762
  100  129  169    7   1.38463     1.4802          -    1.72081    5.39188     4.6502    8.23143
  100  130  170    7   2.26657    1.72352          -    2.33305    7.31025    5.41461    9.58454
  103  131  171    7   1.13281    1.82399          -    2.61296    7.44163    5.73022    9.67028
  103  132  172    7   5.41338    2.31197          -    4.19812    10.5099    7.84782    11.9139
  104  133  173    7    4.9567     2.7123          -    5.77785    17.1015    9.30984    15.1324
  104  134  174    7   1.16102    1.91488          -    2.87988    8.76775    6.01578    10.4966
  331  336  175    7   8.12372    2.74481          -    5.91719    20.0313    9.10761    16.3608
  331  337  176    7   5.46053    2.76566          -    6.00742    19.1612    9.61124    16.0999
  332  338  177    7   4.81229     2.3187          -    4.22259     14.193    7.72313    13.7538
  332  339  178    7   7.57135    2.01828          -    3.19928    11.5677      7.053    13.2076
  333  340  179    7   11.5113    2.17927          -    3.73004    11.9121    6.84639    12.2348
  333  341  180    7   10.2763    1.97762          -    3.07168    9.61561    6.85419    11.5995
  110  136  181    8   1.68578    1.80125          -    2.54823    8.37229     5.6588    10.2572
  110  137  182    8   6.95396    2.09735          -    3.45486    11.3511    6.58901    11.9433
  113  139  183    7   10.6879    1.79669          -    2.53533    8.80421    6.55277    12.0227
  113  140  184    7   6.07098    1.72341          -    2.33274    7.27707    5.41425    9.56276
  197  199  185    7   13.0269     4.1623          -    13.6068    37.6362    13.6461     22.158
  197  204  186    7    12.796    3.94213          -    12.2054    34.2045    13.1095    21.3315
  399  400  187    8   2.61159    1.97271          -    3.05643    8.82983    6.57318    11.0795
  399  401  188    8   8.52052    1.61722          -    2.05414    6.75014    5.32586    9.44854
  117  141  189    8   17.7698    1.94109          -    2.95924    9.69717    6.77136    12.0626
  117  154  190    8   11.6306    1.90359          -    2.84602    10.6158    6.42225    12.2496
  180  181  191    5    12.317    3.17752      rb4_b    7.92988    24.0942    10.4835    17.8281
  180  182  192    5   10.9014     3.1869      rb4_a    7.97675    25.0564    10.7308    18.4374
  295  296  193    5   9.10107    2.87822      rb5_a    6.50634     20.351    10.2514    16.8605
  295  305  194    5   11.6942    3.81516      rb5_b    11.4318    33.3863    12.7719    21.2157
  120  142  195    6   25.3755    2.51835      rb9_a    4.98108    16.8174    8.28649    14.9511
  120  143  196    6   21.6495    2.52348      rb9_b    5.00136    16.0573    8.26297    14.7952
  215  225  197    6   9.09511    4.74548     rb10_b    17.6868    45.2574    15.3858     24.227
  215  216  198    6   12.9028    3.16888     rb10_a    7.88679    23.0366    10.3963    17.4264
  121  144  199    7   6.10881    2.90812          -    6.64224    20.6676    9.54856    16.6631
  121  145  200    7   2.26657    2.86997          -     6.4691    21.5499    9.30512    16.8313
  122  146  201    7   6.23607    3.16886          -    7.88673    23.7763     10.243    17.5766
  122  147  202    7   11.1805    2.92298          -    6.71029    20.6539    9.58707    16.4508
  123  148  203    7   4.05318    2.01756          -      3.197    10.2896    6.69374    12.0935
  123  149  204    7   6.09825    1.80497          -    2.55875    9.06771    6.14357    11.2271
  126  150  205    7   6.83704    2.01454          -    3.18745    9.88186    6.66578    12.1243
  126  151  206    7   7.84993    1.91145          -    2.86957    11.7619     6.5762    12.7984
  133  152  207    8   3.10404    2.22891          -    3.90188    14.2463    7.37954    14.0025
  133  153  208    8   4.72548    2.30546          -     4.1745    12.3558    7.24281    12.4607
  336  343  209    8   12.8218    2.08348          -    3.40932    12.8988     7.0756      13.29
  336  344  210    8   8.41462    1.82346          -    2.61145    8.89451    6.14545    10.8368
  337  345  211    8   13.4914    1.82388          -    2.61265    8.25764     6.3637    10.6999
  337  346  212    8   13.8639    2.35081          -    4.34036     13.844     7.3853    13.1897
  199  202  213    8   13.9663    2.68232          -    5.65081    19.2018    8.74878    15.8689
  199  203  214    8   18.9788    2.51271          -    4.95879    17.8112     8.3084    15.2603
  181  183  215    6   3.67486    2.45899          -    4.74901    17.5348    8.19312    15.2774
  181  184  216    6   16.6057    2.62254          -    5.40173    15.5059     9.2282    15.4642
  182  185  217    6   6.93522    2.64919          -    5.51209    18.3911    8.91832    16.0128
  182  186  218    6   4.20857    2.67311          -    5.61206      20.48     8.8178    16.3103
  305  306  219    6   8.86591     2.7068          -    5.75444    15.7713    9.08812    14.5268
  305  307  220    6   9.14351    2.84827          -    6.37165     19.661     9.3334     16.239
  142  155  221    7    2.0788    2.12816          -    3.55711    14.1091    6.88427    13.9615
  142  156  222    7   2.56765    2.14313          -    3.60735    12.5419    7.24739    13.2334
  225  226  223    7   14.5693    3.15357          -    7.81079    23.0527    10.3495    17.3533
  225  227  224    7   13.9668    3.54447          -    9.86719    30.0002    11.5664    19.9767
  216  217  225    7   5.95771    1.89539          -    2.82155    10.2103    6.26796    11.5807
  216  218  226    7   22.2642    1.97292          -     3.0571    10.0299    6.53666    11.6932
  144  157  227    8   6.55731     2.7629          -    5.99543    18.8229    10.0366    16.6855
  144  158  228    8   8.85483     2.5529          -    5.11867    18.6324    8.22241    15.5888
  146  159  229    8   11.6195    3.20549          -    8.07012    22.5071    10.5852    17.5589
  146  160  230    8   2.72841    2.79267          -    6.12532    22.0646    9.06442    17.1486
  147  161  231    8   28.0741    1.68508          -    2.23013     7.7628    5.58185      10.16
  147  162  232    8   8.74124     2.3152          -    4.20987     14.818    7.58935    13.9597
  204  205  233    8   7.46991    2.58801          -    5.26043    16.5204    8.62495    14.8043
  204  206  234    8   6.66433    2.30802          -    4.18379    14.6153    7.77145    13.8697
  184  189  235    7   31.5733    2.33767          -    4.29196    12.4279     9.1864    14.5654
  184  190  236    7   6.11107    1.95284          -    2.99517    9.32946    6.49832    11.3006
  185  191  237    7   8.24177     2.0257          -    3.22285    10.2544    6.68075    12.0256
  185  192  238    7   24.9406    2.16851          -    3.69328    14.1259    7.29877    13.9769
  306  309  239    7   29.0853     1.8553          -    2.70346    8.56892    6.19697    10.6464
  317  318  240    8   7.74202    2.13856          -    3.59197    11.3522    7.18982    13.0686
  317  323  241    8   9.57026      2.161          -    3.66775    10.6769    7.30495    12.2187
  156  163  242    8   1.16102    1.56449          -    1.92236    6.68358    4.91498    9.16451
  156  164  243    8    14.498    1.93196          -    2.93147    11.2996    6.47334    12.4442
  229  232  244    9   11.7443    2.53199          -    5.03515    17.4125    8.25575    15.5576
  229  233  245    9   8.09803    1.99671          -    3.13128    13.4635    6.59157    13.2797
  227  230  246    8   2.55336    3.46937          -    9.45349    25.6422    12.7937    19.7399
  227  231  247    8   9.95632    1.70993          -     2.2964    8.74946    5.93649    11.4338
  157  165  248    9   2.63004    3.01848          -    7.15594    21.1608    10.5829    17.6429
  157  166  249    9   19.3121    1.90363          -    2.84612    10.1395    6.46791    11.8877
  158  167  250    9   4.23765    2.08075          -    3.40041    12.3402    6.96302    13.2368
  158  173  251    9   20.0113      1.722          -    2.32892    7.92015    5.80662       10.7
  159  168  252    9   34.9016    2.57818          -    5.22055    16.9685    9.03022    15.5966
  159  169  253    9   4.69982    2.34001          -    4.30057     11.994    7.35136    12.2769
  162  174  254    9   4.50358    1.93274          -    2.93384    11.1617    6.25288    12.2659
  162  170  255    9   2.41685    2.60525          -    5.33077    16.6459    9.58952    15.9623
  205  207  256    9   1.27778    1.88925          -    2.80328    8.80372    5.93524    10.5181
  205  208  257    9   2.01251    2.19981          -    3.80066     11.936     6.9109    12.2471
  306  308  258    7   22.6265    2.02732          -      3.228    10.5091    6.76189    11.9502
  309  312  259    8   9.12516    1.57701          -    1.95325    6.19104    4.95432    8.82037
  309  313  260    8   6.90762    1.35437          -    1.44067    4.56638    4.25488    7.57514
  227  234  261    8    7.2203    2.43362          -    4.65153     18.477    7.95437    15.6331
  165  171  262   10   4.82089    2.56571          -    5.17017    15.2887    8.06041    13.8609
  165  172  263   10   1.16102    2.20349          -     3.8134    11.2766    6.92247     11.904
  207  209  264   10   5.72968    1.92095          -    2.89817    9.45056    6.59023    11.8055
  207  210  265   10   3.54818    2.41906          -    4.59603    15.9719    8.25948     15.014
  174  175  266   10   1.69922     1.4109          -    1.56344    5.94807    4.43247    8.64556
  174  176  267   10   10.3453    2.05299          -    3.31027    12.8939    6.82117    13.2096
  210  211  268   11   3.42625    2.32836          -    4.25786     13.809    9.11488     15.686
  210  212  269   11   1.79838    1.76591          -    2.44922    8.51143    5.54778     10.342
  176  177  270   11   7.25951    1.74504          -    2.39167    9.31584    5.48221    10.8197
  176  178  271   11       1.5    1.49868          -    1.76404    6.87116    4.70825    9.29223
  211  213  272   12   5.27409    1.82365          -    2.61201    10.6404    6.32674    12.3826
  211  214  273   12   1.81996    1.69971          -    2.26901    7.35882    5.33978    9.61632
  243  244  274    6   4.36005    1.69788          -    2.26414    7.73983    5.73958    10.3956
  243  245  275    6    6.4881    1.74247          -    2.38462    9.21135    5.93245    11.2452
  258  259  276    6   4.30901    1.55333          -    1.89504    8.71957    5.68414    11.3456
  258  260  277    6   8.25645    2.20487          -    3.81817     12.143    7.90166    13.4617
  268  269  278    6    4.1002    2.74792          -     5.9306    18.9862    9.09157    15.9159
  268  278  279    6   5.45613     1.9688          -    3.04435    10.7369    6.70951    12.2249
  186  193  280    7   19.8252    2.36196          -    4.38164    15.4369    7.85842    14.3201
  186  194  281    7   3.09352    2.21804          -    3.86392    13.0158    7.58322    13.7215
  183  187  282    7   2.42943    2.09014          -    3.43116    12.6689    6.56637    12.6175
  183  188  283    7   1.70048    2.44236          -    4.68498    12.5364    8.71464    14.3411
  220  222  284    9   2.87294          0          -          0          0          0          0
  220  223  285    9   6.57576    1.58514          -    1.97345    6.90409     5.3932    9.72528
  218  221  286    8   2.56356    1.44023          -    1.62913    5.34493    4.52463    8.19551
  218  224  287    8   4.41461    1.67698          -    2.20875     7.2466     5.2684    9.54272
  330  334  288    7   11.3918    1.39309          -    1.52422    5.90661    4.37652    8.61537
  330  335  289    7    3.0287    1.19642          -    1.12423    4.35659    3.75866    7.39909
  198  200  290    7   3.57396    2.27893          -    4.07897    14.0531    7.71259    14.4453
  198  201  291    7   3.81721    1.60961          -    2.03485    6.81377    5.05674    9.25335
  239  240  292    8   2.55877    1.59435          -    1.99645    7.10207     5.0088    9.44707
  239  241  293    8   1.62339    1.36927          -    1.47254    5.23833    4.30168    8.11337
  235  236  294    6   6.51283    2.46869          -    4.78654    15.5996    7.95152    14.2269
  235  237  295    6   6.44209    1.79329          -    2.52575    7.14787    5.98583    10.0439
  217  219  296    8   1.81404    1.74503          -    2.39163    7.96852    6.06824    10.7797
  217  220  297    8   6.22565     1.8019          -    2.55007    9.62564    5.89156    11.2322
  226  228  298    8   1.85961    3.04576          -    7.28586    22.4597    11.0589    18.7531
  226  229  299    8   1.62339    2.84278          -    6.34711    20.1338    8.93085    15.9063
  244  246  300    7    1.7246    1.23945          -    1.20656    4.12456    3.89385    7.19935
  244  247  301    7   9.87375     1.4432          -    1.63584    5.59203    4.53394    8.38281
  247  250  302    8   1.62339    1.05353          -    0.87174    2.97999    3.30977    6.11945
  247  252  303    8   8.18052    1.22672          -     1.1819    4.04024    3.85385    7.12539
  252  256  304    9   1.95782   0.895504          -   0.629832    2.15304    2.81331    5.20153
  252  257  305    9   2.01251    1.04271          -   0.853919    2.91907    3.27577    6.05658
  245  248  306    7   11.5723    1.77819          -    2.48341    10.3902    6.07482    12.1513
  245  249  307    7   2.13954    1.71957          -    2.32235    7.68426    6.12677    11.1245
  248  251  308    8   8.25221    2.23623          -    3.92756    13.3021    8.48592    14.3477
  248  255  309    8   3.59638    1.29808          -    1.32341    5.53694    4.07804    8.34142
  251  253  310    9   7.08862     1.9008          -    2.83766    9.61077    5.97153    10.9897
  251  254  311    9   2.24264    1.63245          -      2.093    7.08869    5.12849    9.43817
  262  263  312    8   1.13281    1.49298          -    1.75064     6.5503    4.69032    9.07268
  262  264  313    8    7.3932    1.82628          -    2.61954     9.0372    7.42212    12.4814
  264  265  314    9   6.28793    1.86499          -    2.73177    9.79667    6.09981    11.7041
  264  266  315    9   8.74602    1.55234          -    1.89262    6.52938    4.87682    9.05818
  270  272  316    8   2.59549    1.39682          -     1.5324    6.31724     5.0562     9.5947
  270  273  317    8   4.69643     1.3225          -    1.37367    6.28905    4.50026    9.24488
  273  276  318    9   4.57631    1.12413          -   0.992477    4.54384    3.53155    7.55643
  273  277  319    9   1.94424   0.965426          -   0.732029    3.35143    3.03298    6.48964
  271  274  320    8   10.1283    1.33661          -    1.40313    5.81389     4.7933    8.99044
  271  275  321    8   4.84682    1.52602          -    1.82899    8.28615    5.05102    11.1376
  278  279  322    7   2.88693    1.47669          -    1.71265    6.97604    5.71691    10.2644
  278  280  323    7   14.6961    1.67348          -    2.19954    7.75741     5.2574    9.87332
  283  284  324    8   1.27778    1.16805          -    1.07155    3.51651    3.66954    6.64753
  283  285  325    8   5.85278    1.36006          -     1.4528    4.76764    4.27275    7.74028
  285  286  326    9   11.8732    1.83638          -     2.6486    10.0823    6.19393    11.9225
  285  287  327    9   3.82494   0.992842          -   0.774195    2.54068    3.11911     5.6504
  286  288  328   10   6.91021    1.56093          -    1.91361    7.28446    4.90379    9.56761
  286  289  329   10   2.16549    1.34056          -    1.41144    5.37286    4.21149    8.21689
  290  291  330    7   8.42188    1.90428          -    2.84808    9.63138    6.35106    11.4991
  290  292  331    7   12.0222    1.52862          -    1.83522    5.98001    5.10326    8.84127
  291  293  332    8   2.76168    1.39013          -    1.51774    5.13256    4.36721    8.03104
  291  294  333    8   5.35037    1.61864          -    2.05774    6.95867    5.08511    9.35122
  296  297  334    6   2.00315    2.61331          -    5.36379    16.7219    8.55532    15.3792
  296  298  335    6   10.9898    2.29053          -     4.1206    13.5467    7.67084    13.3282
  297  299  336    7   7.67923    1.49281          -    1.75025    6.05757    4.98484    9.10655
  297  300  337    7   5.90876    1.60534          -    2.02406    7.91931    5.52986    10.6997
  299  303  338    8   1.16102    1.08975          -   0.932708    3.22808    3.42356    6.36908
  299  304  339    8   2.46259    1.26889          -    1.26456    4.37659    3.98634    7.41606
  298  301  340    7   1.29838    1.67208          -    2.19587    7.21904    5.25301    9.52455
  298  302  341    7   9.62599    1.79095          -    2.51918    7.28354    5.97872    9.86859
  313  315  342    9   3.23749   0.988691          -   0.767735    2.43342    3.10607    5.52985
  313  316  343    9   16.6751    1.15122          -    1.04089    3.29921    3.61665    6.43887
  308  311  344    8   1.27778    1.47994          -     1.7202     5.6003    4.64937    8.38901
  308  314  345    8   8.46367    1.72322          -    2.33223    7.59282    5.41366    9.76802
  307  310  346    7   6.03549    1.45155          -    1.65483    6.83011    5.08525    9.53739
  307  317  347    7   9.81827    2.33043          -    4.26544    11.9929    7.85172    12.6242
  318  319  348    9   9.73132    1.48364          -     1.7288    6.54491    5.02006    10.1174
  318  320  349    9   6.76606    1.90489          -    2.84991    11.4639    6.62736    12.7859
  319  321  350   10   1.37784    1.08305          -   0.921278    3.48778    3.40252    6.62033
  319  322  351   10   10.3996    1.93361          -    2.93648    8.45399    7.53233    12.7466
  323  324  352    9    20.748    2.05162          -    3.30584    8.56452     6.9275    11.2925
  323  325  353    9   2.76787    1.57753          -    1.95454    5.68972    4.95596    8.45572
  338  347  354    8    3.6781    1.56958          -    1.93489    6.72205    5.28892     9.5021
  338  348  355    8   3.28601    1.69265          -    2.25022    7.56345    5.31762    9.74911
  347  362  356    9   8.83156    1.38004          -    1.49579    6.42605    4.69417    9.44014
  347  363  357    9   1.24763    1.14579          -     1.0311    3.58218    3.59961    6.70932
  362  376  358   10   3.80477     1.6001          -    2.01087    7.60729    5.47239    10.7881
  362  377  359   10   1.91655    1.00743          -   0.797106    3.42444    3.16492    6.55994
  339  349  360    8   4.81781    1.40525          -    1.55094     6.0633    4.85584    9.70955
  339  350  361    8   4.27799    1.47334          -     1.7049    6.16443    4.62865    8.80139
  350  364  362    9   1.13281    1.07554          -   0.908539    3.28502    3.37891    6.42502
  350  365  363    9   4.86097    1.37112          -    1.47652    4.92235    4.64365    8.18734
  365  378  364   10   1.24763    1.00092          -   0.786838    2.62312    3.14447    5.74135
  365  379  365   10   3.52854    1.16545          -    1.06679     3.5564    3.66137    6.68513
  340  351  366    8   5.52983    1.59087          -    1.98774    6.34794    4.99787    8.93144
  340  352  367    8   8.48611    1.74821          -    2.40037    8.56868    5.79645    10.7257
  352  366  368    9   8.95769    1.27619          -    1.27916    4.56625    4.00928    7.57504
  352  367  369    9    9.5012    1.48598          -    1.73427    6.19087    4.66835    8.82025
  366  380  370   10   5.26239    1.08477          -   0.924191    3.29912    3.40789    6.43878
  366  381  371   10   2.36284   0.931622          -   0.681663    2.43335    2.92678    5.52978
  341  353  372    8   20.2345    2.28682          -    4.10726     12.313    9.57349    15.2491
  341  354  373    8   3.86803    1.44366          -     1.6369    5.12416     4.5354    8.02447
  353  368  374    9   3.73278    1.94379          -     2.9675    8.89614    6.10661    10.5732
  353  369  375    9   2.33627    1.66938          -    2.18876     6.5616     5.2445     9.0805
  334  342  376    8   1.30879    1.01696          -   0.812258    3.14763    3.19486    6.28922
  334  355  377    8   5.44605    1.18413          -    1.10125    4.26753    3.72004    7.32307
  343  356  378    9   10.8619    1.87542          -     2.7624    10.5956    6.39291    12.2998
  343  357  379    9   2.61159    1.52094          -    1.81683    6.87377    4.77817      9.294
  356  370  380   10    8.6642    1.83763          -     2.6522    8.67028    7.11364    11.9345
  356  371  381   10   7.23798    1.36906          -    1.47208     5.6464    4.30102    8.42346
  344  358  382    9   3.91401    1.66323          -    2.17267    7.10345    5.71851    9.90204
  344  359  383    9    2.7887    1.33112          -    1.39164    4.73988    4.18185    7.71772
  358  372  384   10   5.21909    1.41374          -    1.56975    5.13224    4.44141    8.03079
  358  373  385   10   2.13954    1.21416          -    1.15782    3.78543    3.81439    6.89704
  372  382  386   11   4.44427    1.20168          -    1.13415    3.70805     3.7752    6.82618
  372  383  387   11    3.4485    1.03203          -   0.836522    2.73497    3.24223    5.86248
  345  360  388    9    4.0792     1.5503          -    1.88764    5.96614     4.8704    8.65868
  345  361  389    9   4.06613    2.02403          -    3.21754    8.21396     6.8873    10.5935
  361  374  390   10   1.79916    1.47754          -    1.71463    4.37722    4.64184    7.41659
  361  375  391   10   9.66817    1.72043          -    2.32467    5.93459    5.40488    8.63575
  375  384  392   11    9.9704    1.46236          -    1.67958    4.28774    4.59415    7.34039
  375  385  393   11    4.9725    1.25591          -    1.23882    3.16254    3.94556     6.3041
  387  388  394    6   4.71981    1.38873          -     1.5147    7.07371    4.73141    10.2312
  387  389  395    6   14.5493    2.20473          -    3.81769    10.3273    7.49712    11.7539
  389  391  396    7   7.63148    1.60945          -    2.03445    5.50342    5.05625    8.31613
  389  390  397    7   12.2761    2.24125          -    3.94523    12.2332    9.15915    15.0767
  390  392  398    8     11.83    1.90507          -    2.85043    8.83849    5.98494    10.5389
  390  393  399    8   3.10106    1.63612          -    2.10241    6.51907    5.14001    9.05103
  394  395  400    6   15.9416    1.32304          -    1.37479    4.38128    4.78786    7.92046
  394  396  401    6   19.6926    1.66204          -    2.16956    8.07394    5.22144    10.0727
  396  397  402    7   2.08242    1.21329          -    1.15616     4.3026    3.81165     7.3531
  396  398  403    7   2.58212    1.41273          -    1.56751    5.83342    4.43823    8.56183
  403  408  404    6   12.4701    1.82546          -    2.61719    10.6939    5.73486    11.5924
  403  405  405    6   5.68977    1.74764          -     2.3988    10.2925    5.94035    12.2368
  404  406  406    6   25.7296    1.88783          -    2.79907     13.557    6.29466    13.8368
  404  407  407    6   9.76756    1.51101          -    1.79319    10.8842    5.17585    12.4643
