Title="NZL00407_IN1_Central_1D_withDiameter"
Vertex = "x","y","z","bpName"
Link = "bp0","bp1", "id","generation","length","diameter", "name","InArea","OutArea","InPeri","OutPeri"
N=388, E=387
     149.531184        99.12105             0.5 unnamed
     143.300718      143.300718              92 unnamed
     126.308538      147.831966           110.5 unnamed
     180.117108      148.964778             123 unnamed
     115.546824      151.230402           129.5 unnamed
     111.581982       147.26556             104 unnamed
      192.57804      144.999936           120.5 unnamed
     187.480386      156.328056             128 unnamed
       113.2812      159.160086           127.5 unnamed
     105.917922      137.070252           139.5 unnamed
     105.917922      137.070252             107 unnamed
     111.015576      147.831966             103 unnamed
       198.2421      143.300718           115.5 unnamed
     202.206942       135.93744           128.5 unnamed
     187.480386      166.523364             122 unnamed
     197.675694      160.292898             139 unnamed
     116.679636       161.42571           125.5 unnamed
     105.917922      168.222582             122 unnamed
     106.484328      128.007756             143 unnamed
     111.015576      154.062432             136 unnamed
      97.421832      135.371034           105.5 unnamed
     105.351516       121.77729             111 unnamed
     108.749952      143.867124            92.5 unnamed
     107.050734       152.92962            96.5 unnamed
     203.339754      138.203064             114 unnamed
     200.507724      142.167906             108 unnamed
     208.437408      125.742132           130.5 unnamed
     207.871002       124.60932             137 unnamed
     191.445228      173.320236           114.5 unnamed
     188.046792       175.58586             124 unnamed
     207.304596       155.76165           148.5 unnamed
     199.374912       164.25774           142.5 unnamed
     119.511666      165.390552           125.5 unnamed
     121.210884      162.558522           120.5 unnamed
     103.085892        169.9218           119.5 unnamed
     100.820268      184.648356           123.5 unnamed
     106.484328       127.44135             146 unnamed
     105.917922      159.160086             141 unnamed
     114.980418      154.062432           144.5 unnamed
       90.62496      134.804628             107 unnamed
      90.058554      131.972598             100 unnamed
      101.95308      114.414012             115 unnamed
      107.61714      114.980418           109.5 unnamed
       93.45699      159.160086            88.5 unnamed
     108.183546       158.59368              88 unnamed
     210.703032      135.371034             113 unnamed
     205.605378      128.007756             114 unnamed
     199.374912      140.468688              98 unnamed
     205.605378      146.699154           100.5 unnamed
     216.367092      122.343696             131 unnamed
     218.632716      106.484328             135 unnamed
     210.136626      121.210884           141.5 unnamed
     197.109288      176.718672             111 unnamed
     190.878822      176.152266             108 unnamed
      186.91398      178.984296             126 unnamed
      195.41007      188.613198           123.5 unnamed
      215.23428      150.663996           154.5 unnamed
     210.136626      151.230402           159.5 unnamed
     209.003814      163.124928           147.5 unnamed
     117.246042      190.878822           127.5 unnamed
     128.007756      163.691334             129 unnamed
     122.910102      161.992116           117.5 unnamed
      81.562464      185.781168           111.5 unnamed
      96.855426      194.843664           102.5 unnamed
      95.722614      189.179604           124.5 unnamed
      97.421832      208.437408           123.5 unnamed
     103.652298      123.476508             144 unnamed
       93.45699      160.292898             143 unnamed
     102.519486      166.523364           146.5 unnamed
       113.2812      151.796808             154 unnamed
     119.511666      156.894462           148.5 unnamed
      87.226524      132.539004           108.5 unnamed
       70.80075      142.734312             104 unnamed
       87.79293      128.574162            98.5 unnamed
      86.660118       133.10541            96.5 unnamed
       82.12887       95.156208             121 unnamed
     109.316358       83.828088           135.5 unnamed
     109.882764       116.11323           109.5 unnamed
     107.050734      112.714794             108 unnamed
      86.093712      159.160086              89 unnamed
      69.101532      177.851484              74 unnamed
     102.519486      171.054612            77.5 unnamed
     219.199122      137.070252             113 unnamed
      220.89834      130.839786             105 unnamed
     211.835844       121.77729             110 unnamed
     204.472566      116.679636             117 unnamed
     197.109288       144.43353            85.5 unnamed
     211.835844      146.699154              98 unnamed
     216.367092       164.25774            73.5 unnamed
      232.22646      112.714794           132.5 unnamed
     222.031152       121.77729             128 unnamed
      209.57022      123.476508             143 unnamed
     223.163964      105.351516             156 unnamed
      215.23428      113.847606           140.5 unnamed
      218.06631       178.41789           111.5 unnamed
     209.003814      185.214762             103 unnamed
     186.347574      177.851484              99 unnamed
     194.843664      183.515544           100.5 unnamed
      181.24992       181.24992             126 unnamed
     186.347574      183.515544           131.5 unnamed
     199.941318       195.41007             121 unnamed
     199.941318      199.374912           129.5 unnamed
      223.73037       147.26556             152 unnamed
      223.73037      142.734312             162 unnamed
     211.835844      146.132748           170.5 unnamed
     211.269438      154.062432           166.5 unnamed
     219.765528      162.558522             155 unnamed
     216.933498      164.824146             142 unnamed
     119.511666      185.214762             104 unnamed
      96.855426      197.109288             100 unnamed
      97.421832      195.976476             103 unnamed
       90.62496      190.878822           123.5 unnamed
      88.359336      202.206942           126.5 unnamed
     102.519486      122.910102           144.5 unnamed
     103.652298      119.511666             146 unnamed
       82.12887       164.25774           137.5 unnamed
       82.12887      156.894462             149 unnamed
      101.95308      171.054612           150.5 unnamed
       93.45699       172.75383             147 unnamed
     100.253862       150.09759           163.5 unnamed
     115.546824      152.363214             161 unnamed
     121.210884      157.460868             150 unnamed
     122.343696      174.453048           159.5 unnamed
      81.562464      129.706974           108.5 unnamed
      88.359336      132.539004           114.5 unnamed
       70.80075      143.867124             104 unnamed
      69.667938      142.167906             105 unnamed
       73.63278       133.10541            88.5 unnamed
      86.660118      134.238222              96 unnamed
      104.78511       110.44917             107 unnamed
     109.316358      106.484328             108 unnamed
      66.835908      165.956958            89.5 unnamed
      66.835908      160.859304            79.5 unnamed
     101.386674      177.851484            74.5 unnamed
      94.589802      177.285078            62.5 unnamed
      110.44917      176.718672            54.5 unnamed
      212.40225      120.078072           108.5 unnamed
     214.101468      120.078072             111 unnamed
     206.171784       88.925742             130 unnamed
     195.976476       97.421832             112 unnamed
     193.144446      146.699154            80.5 unnamed
     198.808506      147.831966            72.5 unnamed
      215.23428      170.488206              68 unnamed
      218.06631      165.390552            72.5 unnamed
     214.101468      111.581982             141 unnamed
      229.39443       85.527306           156.5 unnamed
     195.976476      183.515544           100.5 unnamed
     197.675694      190.312416            89.5 unnamed
     185.781168      197.109288           140.5 unnamed
     186.347574      182.382732           132.5 unnamed
     203.339754      197.109288             121 unnamed
     200.507724      203.339754           117.5 unnamed
     200.507724      200.507724           129.5 unnamed
     199.374912      199.374912           130.5 unnamed
     236.191302      147.831966             148 unnamed
     225.429588      143.867124             162 unnamed
     225.429588      141.035094           164.5 unnamed
     210.703032      146.132748             175 unnamed
     213.535062      156.328056             176 unnamed
     209.003814      156.328056             167 unnamed
     224.296776      167.656176           156.5 unnamed
     229.960836      163.124928           165.5 unnamed
     233.925678      170.488206             144 unnamed
       226.5624      166.523364             133 unnamed
      90.058554       89.492148             168 unnamed
     105.351516       110.44917           149.5 unnamed
      75.898404        169.9218           133.5 unnamed
      74.765592      165.390552             137 unnamed
      77.597622      154.628838             152 unnamed
      72.499968      159.726492           153.5 unnamed
      83.261682      188.613198           145.5 unnamed
      73.066374      180.683514           159.5 unnamed
      121.77729       155.76165           177.5 unnamed
     109.316358       158.59368           170.5 unnamed
      70.234344      142.167906             106 unnamed
       67.96872      142.734312             105 unnamed
       59.47263      133.671816              87 unnamed
      69.667938      134.238222            84.5 unnamed
     117.246042       85.527306           118.5 unnamed
     111.015576      100.820268             103 unnamed
       90.62496      192.011634            71.5 unnamed
     102.519486      179.550702              73 unnamed
     197.109288       92.890584           109.5 unnamed
      192.57804       94.589802           113.5 unnamed
     190.312416      143.867124            78.5 unnamed
     193.144446      160.859304            74.5 unnamed
     199.374912      145.566342              64 unnamed
     199.374912       152.92962              63 unnamed
     197.675694       192.57804              89 unnamed
       198.2421      190.878822            86.5 unnamed
     201.640536      203.339754           117.5 unnamed
     199.941318      205.605378           116.5 unnamed
     247.519422      146.699154             146 unnamed
     241.855362      149.531184           149.5 unnamed
     241.288956      136.503846           159.5 unnamed
       226.5624      139.902282             165 unnamed
      223.73037        141.6015             166 unnamed
     216.367092      141.035094           176.5 unnamed
     231.093648       164.25774             165 unnamed
      240.72255      162.558522             178 unnamed
     233.359272      170.488206             145 unnamed
     240.156144      175.019454             143 unnamed
      229.39443      170.488206             130 unnamed
     238.456926      162.558522           126.5 unnamed
      107.61714       110.44917           148.5 unnamed
     105.917922      102.519486             154 unnamed
      62.871066      189.179604           131.5 unnamed
      67.402314      173.886642           125.5 unnamed
      57.207006       175.58586           142.5 unnamed
      56.074194      162.558522           135.5 unnamed
      73.066374      149.531184             150 unnamed
      71.367156      152.363214             156 unnamed
      63.437472      160.292898             156 unnamed
       79.29684      196.542882             143 unnamed
      72.499968      199.374912             150 unnamed
      66.269502      183.515544             163 unnamed
      58.906224      192.011634           166.5 unnamed
      64.003878      144.999936             106 unnamed
       113.2812        99.12105             102 unnamed
     109.316358       98.554644             101 unnamed
     190.312416      143.867124              75 unnamed
     184.648356      128.574162              78 unnamed
     201.640536      144.999936            60.5 unnamed
     203.339754       152.92962              62 unnamed
     199.374912      158.027274              57 unnamed
       198.2421      191.445228              91 unnamed
      240.72255      122.910102             181 unnamed
     227.695212      141.035094             166 unnamed
      107.61714       80.996058           173.5 unnamed
     106.484328       88.925742           159.5 unnamed
       62.30466      176.152266           123.5 unnamed
      67.402314      175.019454             124 unnamed
      67.402314      150.663996             158 unnamed
      71.933562      152.363214           158.5 unnamed
       53.80857      163.124928             162 unnamed
      49.277322      159.160086             157 unnamed
      62.871066      162.558522           165.5 unnamed
       79.29684      196.542882             142 unnamed
      74.199186      203.339754           142.5 unnamed
      73.066374      181.816326             161 unnamed
      55.507788      141.035094             104 unnamed
     193.710852      147.831966            53.5 unnamed
     198.808506      159.160086            56.5 unnamed
      201.07413      158.027274              53 unnamed
     228.828024        141.6015           165.5 unnamed
     250.351452      137.636658           182.5 unnamed
       45.31248      141.035094             173 unnamed
      65.703096       147.26556             163 unnamed
       53.80857      163.124928           163.5 unnamed
      49.277322      164.824146             164 unnamed
       198.2421      163.124928            51.5 unnamed
     199.374912      160.292898              57 unnamed
      201.07413      159.160086              53 unnamed
      201.07413      158.027274            51.5 unnamed
      40.214826      142.734312             178 unnamed
      37.949202      132.539004             180 unnamed
      53.242164      164.824146           161.5 unnamed
     103.085892      183.515544             149 unnamed
      94.589802       203.90616           147.5 unnamed
      104.78511      194.277258           153.5 unnamed
      92.324178      210.703032           145.5 unnamed
       90.62496       212.40225             151 unnamed
     107.050734      199.374912           153.5 unnamed
     100.820268      209.003814             159 unnamed
     199.374912      134.238222            93.5 unnamed
     208.437408      131.406192              82 unnamed
     198.808506      131.406192              92 unnamed
     207.871002       133.10541              80 unnamed
     220.331934      124.042914            70.5 unnamed
     199.374912      126.874944              85 unnamed
     197.109288      125.742132            91.5 unnamed
     205.605378      112.148388              81 unnamed
     193.710852      124.042914            62.5 unnamed
     194.843664       121.77729            89.5 unnamed
      195.41007      123.476508              94 unnamed
     202.206942      171.054612           148.5 unnamed
     203.339754      173.886642             154 unnamed
     205.038972      177.285078             160 unnamed
     196.542882      175.019454             164 unnamed
     202.773348      186.347574           164.5 unnamed
     210.703032       181.24992           170.5 unnamed
      192.57804      174.453048             174 unnamed
      192.57804      176.152266           164.5 unnamed
     197.675694      188.613198           167.5 unnamed
     203.339754      187.480386           165.5 unnamed
     206.171784      201.640536           193.5 unnamed
     221.464746      182.949138             179 unnamed
      203.90616       192.57804           164.5 unnamed
     202.206942      199.941318             179 unnamed
     229.960836      188.046792           183.5 unnamed
     221.464746      182.382732             180 unnamed
      203.90616       192.57804           162.5 unnamed
      206.73819       195.41007             166 unnamed
     211.835844        198.2421             170 unnamed
     206.171784       201.07413           165.5 unnamed
     206.171784      179.550702             146 unnamed
     207.304596      179.550702             141 unnamed
     210.136626      182.949138           145.5 unnamed
     219.765528      188.613198           147.5 unnamed
     214.667874      191.445228             142 unnamed
      97.988238      132.539004             142 unnamed
      92.324178      124.042914           150.5 unnamed
      88.359336       127.44135             142 unnamed
      91.757772      126.308538             153 unnamed
      83.828088      113.847606             159 unnamed
      84.394494      129.140568             140 unnamed
      82.695276      122.343696           143.5 unnamed
      83.828088      112.148388             162 unnamed
      66.269502       97.988238           172.5 unnamed
      74.765592      126.874944           138.5 unnamed
      84.394494      130.839786             138 unnamed
      78.164028      119.511666             146 unnamed
      74.765592       107.61714           142.5 unnamed
      56.074194      128.574162           134.5 unnamed
      67.402314      122.910102             140 unnamed
      99.687456       175.58586           156.5 unnamed
      91.757772      184.648356           164.5 unnamed
      104.78511      183.515544           168.5 unnamed
      78.164028      201.640536             168 unnamed
       90.62496      186.347574           166.5 unnamed
      107.61714      183.515544             168 unnamed
      104.78511      184.648356           169.5 unnamed
      88.925742      193.144446           171.5 unnamed
      75.898404       189.74601             175 unnamed
     103.652298      201.640536           182.5 unnamed
      107.61714       186.91398           178.5 unnamed
      78.164028      207.871002           178.5 unnamed
      86.093712      202.773348           178.5 unnamed
     106.484328      146.699154            84.5 unnamed
      95.722614      148.398372            73.5 unnamed
      92.324178      149.531184            72.5 unnamed
      94.023396       147.26556              68 unnamed
      85.527306      151.230402            67.5 unnamed
      91.757772      152.363214              74 unnamed
      94.589802      145.566342              68 unnamed
      87.226524       147.26556              59 unnamed
      83.828088      150.663996            67.5 unnamed
        84.9609      152.363214            66.5 unnamed
      86.660118      149.531184            51.5 unnamed
      77.597622      143.300718            54.5 unnamed
       82.12887      153.496026            45.5 unnamed
      86.660118      147.831966            45.5 unnamed
     105.917922      154.628838              61 unnamed
      99.687456      162.558522              53 unnamed
     108.749952      140.468688              89 unnamed
     103.085892      133.671816            80.5 unnamed
       99.12105      131.972598            80.5 unnamed
      97.988238       130.27338              82 unnamed
      92.890584      129.140568              78 unnamed
       87.79293       127.44135              76 unnamed
      91.757772      131.406192              77 unnamed
      87.226524      126.308538              77 unnamed
      85.527306      126.308538            74.5 unnamed
      82.695276       127.44135            72.5 unnamed
       76.46481      119.511666            72.5 unnamed
      101.95308      130.839786            77.5 unnamed
       96.28902      122.343696            75.5 unnamed
      92.324178      111.581982            71.5 unnamed
       96.28902      120.644478            76.5 unnamed
       99.12105      129.140568              66 unnamed
     100.253862      125.742132              55 unnamed
      86.660118      125.175726            59.5 unnamed
     111.015576      137.070252            84.5 unnamed
       113.2812      138.203064              78 unnamed
     118.378854      141.035094            72.5 unnamed
      121.77729      139.902282              73 unnamed
     120.644478      145.566342              67 unnamed
     124.042914      139.902282            73.5 unnamed
     122.910102      137.636658              71 unnamed
     122.910102      147.831966              67 unnamed
      121.77729      147.831966              61 unnamed
     117.812448      133.671816            42.5 unnamed
     112.148388      128.574162              82 unnamed
     113.847606      120.078072            75.5 unnamed
     114.980418      122.910102              85 unnamed
     114.980418      120.078072            74.5 unnamed
       113.2812      117.812448              74 unnamed
     115.546824      117.246042            84.5 unnamed
     116.679636       121.77729              86 unnamed
     113.847606      112.148388              71 unnamed
     111.581982      117.246042              75 unnamed
     106.484328      157.460868            53.5 unnamed
     108.183546      156.894462              50 unnamed
     111.015576      156.894462              44 unnamed
     108.183546      155.195244            49.5 unnamed
     100.820268      163.691334            43.5 unnamed
     117.246042      156.894462            41.5 unnamed
     109.882764       155.76165              37 unnamed
    1    2    1    0   107.134    16.9582    Trachea    225.864    393.439    55.6291    72.2314
    2    3    2    1   26.1458    15.5307        RMB     189.44    339.425    50.4283    66.8172
    2    4    3    1   51.1913    11.6656        LMB    106.882    177.544    37.9329    48.2594
    3    5    4    2   22.5117    9.87837    BronInt    76.6409    137.316    32.5514    42.7006
    3    6    5    2   16.8942    7.64585        RUL    45.9136    93.5677     27.142     36.823
    4    7    6    2   13.5886    9.57581        LUL     72.018    139.469    30.8059    42.3959
    4    8    7    2   11.6614    8.55915       LLB6    57.5375    152.767    27.9299    44.8088
    5    9    8    3   8.58189     4.4188        RB6    15.3355    43.0775    14.3635    23.5698
    5   10    9    3   20.2532    4.99831      RB4+5    19.6217    49.7013    16.4967     25.548
    6   11   10    3   12.2716    5.79138        RB3    26.3423    62.8767    18.4782    28.2996
    6   12   11    3   1.29838    5.58147          -    24.4674    49.8622    17.5347    25.0317
    7   13   12    3   7.99659    7.36275          -    42.5765    83.8998    24.0686    33.1508
    7   14   13    3   16.0591    4.49449      LB4+5    15.8654    44.0966    14.5218    23.7883
    8   15   14    3   12.0062    4.78345        LB6     17.971    46.9038    15.2658    24.5351
    8   16   15    3   16.0922    6.29773        LLB      31.15    69.9686    20.0403    29.8242
    9   17   16    4   4.81387    4.26032      rb6_b    14.2552    41.5805    14.7353     23.979
    9   18   17    4    13.064    4.00535      rb6_a       12.6    33.3208    12.8233     20.668
   10  301   18    4   9.69385    4.32551        RB4    14.6948    40.2401    13.8143    22.6936
   10   19   19    4   10.1313    4.85263        RB5    18.4946    48.2878    15.5571    24.8415
    5   20   20    3   8.54279    8.03259       RLL7    50.6759    105.964    25.7108    36.8401
   11   21   21    4   9.20895    4.37881      rb3_b    15.0592    40.8369    13.9582    22.8919
   11   22   22    4   16.0591    5.71008      rb3_a    25.6079    55.3864    18.1574    26.6572
   12   23   23    3   11.7451    4.33889        RB1    14.7859    42.2024    14.1022    23.3243
   12   24   24    3   9.35332    4.54758        RB2    16.2424    42.3339    14.8399    23.4876
   13   25   25    3   7.55533     4.9037        LB3    18.8859    48.7353    15.7295    24.9963
   13   26   26    3   8.27106    4.57474      LB1+2     16.437    45.0179     14.758    24.0292
   14   27   27    4    12.518    4.04286        LB4    12.8371    38.7919    13.4456    22.5678
   14   28   28    4   15.9343    3.36791        LB5    8.90865    26.9834    11.7237    19.2197
   15   29   29    4   11.2314    4.22614      lb6_b    14.0274    40.8217    13.5703    22.8485
   15   30   30    4   9.43096    4.06061      lb6_a    12.9501    37.7843    13.1695    22.0731
   16   31   31    4    14.415    5.67099        LB8    25.2585    59.1355    18.1852    27.5065
   16   32   32    4   5.62571    10.2018          -    81.7415    133.204    36.9282    44.6208
   17   33   33    5   4.95193    3.44621          -    9.32766    30.8725    11.0947    20.0682
   17   34   34    5   6.88597    2.36737          -     4.4017    18.9572    7.73152    15.6381
   18   35   35    5   4.24987    3.16908          -    7.88782    26.6747    10.1581    18.6392
   18   36   36    5   17.5252     2.5901          -    5.26894    15.8135    8.60091    14.7882
  301  302   37    5   13.5118    3.24626      rb4_b    8.27671     25.191    10.6394    18.1329
  301  303   38    5   11.1472    3.48116      rb4_a    9.51782    28.5485    11.5152    19.5262
   19   37   39    5   3.13979    3.33254      rb5_a    8.72247    26.4684    12.0637    19.7062
   19   67   40    5    6.1852    4.16898      rb5_b    13.6505    38.3606    14.1714    22.8441
   20   38   41    4   9.00377    6.61665        RLL    34.3848     75.093    21.2417    31.0359
   20   39   42    4   9.93656     4.9178        RB7    18.9947    48.4782    15.7122    24.8833
   21   40   43    5   7.04305    3.21249          -    8.10536    24.7753    10.4202    18.0702
   21   41   44    5   9.93043    2.83981          -    6.33387    20.8989       9.21    16.4403
   22   42   45    5   9.14889    3.46693          -    9.44019      25.84    11.2271    18.2747
   22   43   46    5   7.48128    3.77599          -    11.1983    32.3018    12.1808    20.4122
   23  329   47    4   9.20264    3.92877      rb1_a    12.1228    37.2971    12.6516    21.8319
   23  345   48    4   5.34229    4.19572      rb1_b    13.8262    38.8517    13.8971    22.6334
   24   44   49    4   17.2269    3.14606      rb2_a    7.77362    24.0197    10.2055    17.7657
   24   45   50    4    10.458    3.73471      rb2_b    10.9548    33.1405    11.9599    20.5799
   25   46   51    4   8.05645    3.43094      lb3_a     9.2452    28.5906    11.2317    19.2279
   25   47   52    4   10.9678    4.03723      lb3_b    12.8014    36.5493    13.2008    21.6973
   26   48   53    4    10.759     4.6756        LB1    17.1698    45.7513     15.108    24.2492
   26   49   54    4   10.3131    3.52279        LB2    9.74681    31.1443    11.2969    19.9896
   27   50   55    5   8.88706    2.75044      lb4_a    5.94146    21.8074    9.21496    16.9102
   27   51   56    5    22.629    2.76012      lb4_b    5.98335    21.1309    8.92296    16.6522
   28   52   57    5   6.37109    3.17381      lb5_b    7.91136    25.4976    10.1778    18.1187
   29   53   58    5   7.63723    2.54054          -    5.06921    16.7829    8.35698    15.1502
   29   54   59    5   7.77916    2.99962          -    7.06679    22.2325    10.1408    17.1314
   30   55   60    5   4.47407     3.0347          -    7.23307    23.3317    10.1002    17.4389
   30   56   61    5   15.0955    2.81749          -    6.23469    18.4855    9.15208    15.5273
   31   57   62    5   11.4967    4.74011      lb8_a    17.6468    46.4434    15.5172    24.5641
   31   58   63    5   13.0399    3.80634      lb8_b     11.379    35.2654    12.8557    21.6643
   32   59   64    4   11.2934     4.7388        LB9    17.6371    46.9812     15.226    24.5149
   32  276   65    4   9.67928    5.70825       LB10    25.5915    60.5857    18.2761    27.8021
   33   60   66    6   26.1904    2.32027          -     4.2283    14.5584    7.68901    13.9921
   33   61   67    6   10.1124    1.74635          -    2.39525    7.98783    5.80444    10.4948
   34  109   68    6   29.0295    2.10837          -    3.49128    13.7194    7.01153    13.4894
   34   62   69    6   3.66267    1.82204          -    2.60738    9.74782    5.98161    11.6338
   35   63   70    6   29.1318    1.92764          -    2.91838     11.112    6.43582    12.4343
   35   64   71    6   31.1158    2.09425          -    3.44468    11.4311    7.09197    12.5412
   36   65   72    6   6.92147    2.34991          -    4.33702    13.7215    7.77603    13.9652
   36   66   73    6    24.884    1.85554          -    2.70416    10.2535    6.20128    11.8851
  302  304   74    6   3.49937    2.33948          -    4.29862    16.1214    7.53247    14.6427
  302  305   75    6   15.8401    2.61918          -    5.38791    15.5205    8.72351    14.6635
  303  306   76    6   4.88337     2.5484          -    5.10064    20.0969    8.25316    16.0758
  303  307   77    6   7.84072    2.79691          -    6.14392    17.8377    9.26606    15.7171
   38   68   78    5   12.9552    5.18453        RB8     21.111     51.124    16.6972    25.7103
   38   69   79    5   10.0338    5.90643          -    27.3993    63.3384     18.936    28.4959
   39   70   80    5   10.1851    3.81295      rb7_b    11.4186    35.2886    12.3116    21.3469
   39   71   81    5   6.74337     3.3301      rb7_a    8.70975    25.9762    11.5093    18.9157
   40   72   82    6   4.38541    2.29495          -    4.13654    15.9754    7.63262    14.3932
   40   73   83    6   21.8999    2.25101          -    3.97965    14.3167    7.31089      13.83
   41   74   84    6   4.41516    2.42907          -    4.63416    12.6798    7.90951     13.157
   41   75   85    6   5.15723    2.38472          -    4.46649    15.0508    7.81265     14.069
   42   76   86    6   28.8246    2.00501          -    3.15735    11.4177    6.81786     12.684
   42   77   87    6     39.07    1.96636          -    3.03679     10.769     6.5687    11.9903
   43   78   88    6   2.54475    2.81251          -    6.21267      24.69    9.26209    18.1491
   43   79   89    6    2.8314    3.96198          -    12.3286    32.4291    13.1917    21.0146
  329  330   90    5   15.7202    2.51013          -    4.94861    15.5426    8.26418     14.294
  329  343   91    5    25.521    2.62804          -    5.42442    18.7834    8.64895    15.7784
  345  346   92    5   12.3703    3.24392          -    8.26476    24.1543     10.545    17.7314
  345  363   93    5   6.14964    3.94539          -    12.2256    35.5457    12.7195    21.5081
   44   80   94    5   7.66926    2.45727          -    4.74238     15.367    8.09677    14.1796
   44   81   95    5   34.5955     2.0034          -    3.15227     10.259    6.66603    11.8355
   45   82   96    5    17.383    2.97253          -    6.93975    19.8546    9.59612    15.9198
   45  136   97    5   39.5657    2.06306          -    3.34284    12.1527    7.29247    13.1887
   46   83   98    5      9.02    2.61412          -    5.36712    18.3941    8.55413    15.5443
   46   84   99    5   13.8284    1.86013          -    2.71754    9.04583    6.28474    11.1602
   47   85  100    5   9.85886    2.72232          -    5.82062    17.2944    8.93818    15.1601
   47   86  101    5    11.959    3.54931          -    9.89411    26.4772    11.5149    18.7419
   48  265  102    5   7.94256    4.31465      lb1_b    14.6211    40.5114    14.0015    22.9087
   48   87  103    5    13.819    3.78253      lb1_a    11.2371    30.9236     12.432    20.3091
   49   88  104    5   6.86734     2.2741      lb2_b    4.06172    15.3808    7.81802    14.5876
   49   89  105    5   34.5471    2.35796      lb2_a    4.36678    13.3049    8.00912    13.3767
   50   90  106    6   19.0452    2.06371          -    3.34492    15.1112    6.79291    14.1226
   50   91  107    6   6.86587    2.24684          -    3.96491    16.2225    7.21767    14.6435
   52   92  108    6   2.84331    2.59163          -    5.27517    18.6374    8.49454    15.5886
   52   93  109    6   25.3517     2.5363          -    5.05234    17.3492    8.35284     15.237
   28   94  110    5   14.1186    3.21397      lb5_a    8.11285    24.8202     10.412    18.4653
   53   95  111    6   22.5039    1.90669          -    2.85529    9.85411    6.71921    12.0852
   53   96  112    6   16.8418    1.82512          -    2.61622    10.0025    6.03038    11.7097
   54   97  113    6   10.4978     1.9423          -    2.96294     9.6691    6.73847    12.3278
   54   98  114    6   11.4145    2.29329          -    4.13055    12.1318    7.58599    12.6455
   55   99  115    6   6.91581    2.29841          -    4.14902      14.78    7.50788    14.1591
   55  100  116    6   7.21683    2.24772          -    3.96801    14.7105    8.02066    14.5695
   56  101  117    6   8.63643     2.2923          -    4.12699    13.6053    7.69942    13.8613
   56  102  118    6   13.3133     1.8528          -    2.69618    8.20486    6.22027      10.41
   57  103  119    6   9.89154    3.76172          -    11.1138    32.7559    12.1034    20.7396
   57  104  120    6   14.0144    3.80368          -    11.3631    31.5996    13.1247    20.7072
   58  105  121    6   12.5138    3.09904          -      7.543    23.8414    9.99493    17.6042
   58  106  122    6   7.91382     2.8495          -    6.37718    21.3005    9.68225    16.9211
   59  107  123    5   13.4633    4.32268      lb9_b    14.6756     40.006    13.9924    22.8059
   59  108  124    5   9.89152     3.3696      lb9_a    8.91758    26.1431    10.9745    18.4341
  276  277  125    5   6.42646    6.36921     lb10_a    31.8611    71.7051    20.6551    30.5467
  276  296  126    5   10.0998    3.52582     lb10_b    9.76363    27.1688    11.4614    18.8464
   64  110  127    7   4.28907    1.78012          -    2.48878    8.25897     5.5924    10.1875
   64  111  128    7   1.37784    1.52881          -    1.83567    6.09163    4.80289    8.74927
   65  112  129    7   5.64685    1.87226          -     2.7531    10.5878    6.38338     12.222
   65  113  130    7   15.3734      1.948          -    2.98036    9.46536    7.36598    12.3479
  305  308  131    7   3.54341      1.912          -    2.87122    8.27087    6.00673    10.1948
  305  309  132    7   27.5236    2.20801          -    3.82907    11.6874    8.85047    14.1433
  306  310  133    7   10.1121    2.36214          -     4.3823    15.0967     7.6651    14.0342
  306  311  134    7   2.63667    2.07842          -    3.39277    13.6236    6.98244    13.7592
  307  312  135    7   6.15671    2.53119          -    5.03197    16.7918    8.47077    15.5136
  307  313  136    7   17.0551    2.02234          -    3.21216    11.8331    6.79583    12.8271
   67  114  137    6   1.37784    3.04335          -    7.27435    20.4424    9.56097    16.0277
   67  115  138    6   4.58776    3.90228          -    11.9599     32.906    12.9756    21.1326
   68  116  139    6   13.2937    3.39902      rb8_b    9.07397    25.1101    11.1825    18.3261
   68  117  140    6   13.4055    4.42972      rb8_a    15.4114     39.003    14.2024    22.4497
   69  118  141    5   6.27611    5.00566       RB10    19.6794    49.4767    16.0655    25.2173
   69  119  142    5   11.3291    4.46708        RB9    15.6725    41.5476    14.3502    23.0681
   70  120  143    6   17.0676    2.48339          -    4.84373    14.5391    8.47124    14.4712
   70  121  144    6   7.68209    2.92836          -    6.73502    22.3446    9.50341    17.0762
   71  122  145    6   2.33627      3.232          -    8.20414    23.4321    11.0524    18.0744
   71  123  146    6   22.5477    2.56144          -    5.15297    16.3506    8.52302    15.0713
   72  124  147    7   6.51994    1.98007          -    3.07928    10.4567    6.64829    11.7545
   72  125  148    7   6.19785      1.923          -    2.90435    9.62113    6.40083    11.5795
   73  126  149    7   1.13281    1.64324          -    2.12076    7.62937    5.16238     9.7915
   73  127  150    7   1.62339    1.91336          -     2.8753    10.3438    6.01099    11.4011
   75  128  151    7   15.4712    2.02738          -    3.22821    10.0999    6.66657    11.8796
   75  129  152    7   1.24763    1.74085          -    2.38019    8.02057    5.46904    10.0394
   79  130  153    7   3.42625    4.99663          -    19.6085    38.8639    17.4325    23.8036
   79  131  154    7   7.02654    3.63133          -    10.3567    30.6877    12.1185    20.3867
  330  331  155    6   3.85752    1.91633          -    2.88422    9.37801    6.33788    11.2598
  330  332  156    6   6.52713    2.18164          -    3.73816    12.0907    7.48279    12.5289
  346  347  157    6   4.54882    2.11754          -     3.5217    13.3175    7.19904    13.2969
  346  356  158    6   4.36959    2.72335          -    5.82503     20.705    9.02897    16.5759
  363  364  159    6   7.30556    3.08239          -    7.46218     22.683    10.1907    17.2586
  363  373  160    6   8.97986    2.81749          -    6.23469     19.107    9.20122    15.7613
   80  132  161    6    20.891    2.07173          -    3.37097    12.7779    6.95953    13.2557
   80  133  162    6   22.1987    2.02659          -    3.22567    10.9321    6.78405    12.2707
   82  134  163    6   7.99384    2.19699          -    3.79094    13.1491    7.54854    13.6841
   82  135  164    6   19.2139     2.0904          -      3.432    12.1608    7.30783     13.179
   85  137  165    6   2.46654    2.08991          -    3.43041     11.741    7.02189    12.7269
   85  138  166    6   3.14047    2.16968          -    3.69728    12.9222    7.20881    12.9697
   86  139  167    6   31.2397    2.23552          -    3.92508    11.7356    7.44239    12.4722
   86  140  168    6   21.9611    2.56103          -    5.15133    13.7702    8.31336     13.315
  265  266  169    6   15.1183    1.76077          -    2.43498    9.73623    5.97909    11.5583
  265  267  170    6   3.30742    3.64157          -    10.4152    32.9267    12.6794     21.594
   87  141  171    6   7.16651    2.86118          -    6.42953    21.8177    9.36271    16.7761
   87  142  172    6   13.8996     2.7029          -    5.73786     18.653    8.87625    15.5777
   89  143  173    6    8.8019    2.05003          -    3.30072     11.393    8.23918    14.8167
   89  144  174    6    2.2739    1.72131          -    2.32706    7.09018    5.40765    9.43917
   94  145  175    6   2.62009    2.31359          -    4.20399    13.9156    7.86888    14.2446
   94  146  176    6   38.6162    2.26343          -    4.02367    11.2955    7.47055    12.3492
   98  147  177    7   1.13281     1.6741          -    2.20117    6.46504    5.25935    9.01344
   98  148  178    7   13.5994    1.83546          -    2.64593    12.2733    6.16615    13.0689
  100  149  179    7   16.5398     2.1534          -    3.64198    10.4744    7.20558      11.86
  100  150  180    7   1.51105    1.64083          -    2.11455    7.83923    5.15483    9.92525
  101  151  181    7   3.87866    1.94809          -    2.98063    10.1862    6.52369    11.7119
  101  152  182    7    8.9377    2.25943          -    4.00947    14.0944    9.00856    15.3999
  102  153  183    7   1.27778    1.57488          -    1.94799    5.92801    4.94764    8.63097
  102  154  184    7   1.16102    1.35255          -    1.43679    4.37237    4.24915    7.41248
  103  155  185    7   13.1863     2.5905          -    5.27057    16.9033    8.72058    15.3011
  103  195  186    7   23.8768    2.21177          -    3.84212    14.6935    7.39723    13.9439
  104  156  187    7    2.0788    5.45804          -    23.3972    46.1395    21.6636    27.2595
  104  157  188    7     3.547    3.23312          -    8.20984    22.8307    10.1572    16.9381
  105  158  189    7    5.0157    2.20441          -    3.81659    12.1262    7.48533    12.9288
  105  198  190    7   9.46047    2.20236          -     3.8095    13.7454    7.71421    13.8927
  106  159  191    7   10.1754    1.74256          -    2.38487    8.67903    5.91507      10.78
  106  160  192    7   3.25684    2.36274          -    4.38453    15.4564    7.94084    14.8908
  107  161  193    6   7.08766    2.64561          -    5.49721    15.6771    8.74493    14.4438
  107  162  194    6   14.7045    3.25189          -    8.30543    24.0984    10.6609    17.6403
  108  163  195    6   18.3812    2.11354          -     3.5084    11.6916    6.97909    12.3335
  108  164  196    6   13.4319    2.46022          -    4.75378    15.4477    8.01406    14.3784
  277  278  197    6   7.21477    5.76332          -    26.0877    59.9607    18.9466    28.0692
  277  279  198    6   13.2867    2.14267          -    3.60578    11.3307    7.27195       12.5
  298  299  199    7   11.5193    1.94034          -    2.95696    9.80218    6.41118     11.445
  298  300  200    7   10.3994    2.19767          -    3.79327    12.2354    7.37857    13.1906
  310  314  201    8   19.5649    2.32941          -    4.26169    13.5692    8.56058    14.7706
  310  315  202    8   8.66474     2.2522          -    3.98385    13.5837    8.21434    14.6611
  115  165  203    7   40.3497    1.96405          -    3.02968    9.23263    6.61167    11.0986
  115  166  204    7   10.1165    3.22118          -    8.14931    23.2961    10.4769    17.5362
  116  167  205    7   9.59221    2.52677          -    5.01441    17.8399     8.2292    15.3275
  116  168  206    7    7.8536    2.56204          -    5.15541    15.5713    8.35318    14.4752
  117  169  207    7   5.92188    3.27846          -    8.44168    27.8239    10.6234    19.0485
  117  170  208    7   11.3377    3.04902          -    7.30147    23.7631    9.88829    17.5444
  118  258  209    6   10.2267    3.44302     rb10_a     9.3104    26.1369    11.2886    18.6086
  118  316  210    6   7.10187    5.21248     rb10_b    21.3392    52.0793    16.8913    25.9412
  119  171  211    6    19.185    2.67851      rb9_b    5.63477    18.2874    8.79082    15.7133
  119  172  212    6   25.8575    2.88223      rb9_a    6.52452    21.7784    9.44875    16.8189
  121  173  213    7   18.9035    2.12312          -     3.5403     14.913    7.02129    14.5739
  121  174  214    7   13.6311    2.59813          -    5.30167    15.8356    8.63837    14.7348
  127  175  215    8   1.16102    1.39675          -    1.53225    5.51222    4.38803    8.32278
  127  176  216    8   2.01222    1.62636          -     2.0774    7.47341    5.10934     9.6909
  128  177  217    8   14.5424    1.72328          -    2.33238    7.29718    5.41383    9.57596
  128  178  218    8   5.89671    1.47999          -    1.72031    5.38224    4.64953    8.22406
  131  179  219    8     25.08    1.78889          -    2.51338    7.97297    6.07054    10.3369
  131  180  220    8   7.80317    2.27118          -    4.05129     12.333    7.42029    12.8515
  356  357  221    7   10.5073    1.76621          -    2.45004     7.3369    5.82954    9.92744
  356  360  222    7   12.9029    2.11838          -     3.5245    11.0461    7.21403    12.6684
  364  365  223    7   8.23493     2.0829          -    3.40744    11.9589    6.92514    12.6568
  364  372  224    7   39.3479    1.99553          -    3.12758    11.1589    7.77045    13.4766
  373  374  225    7   10.9199    1.87373          -    2.75744    9.63995    6.24105    11.5871
  134  181  226    7    18.488    2.24263          -    3.95009    13.9532    7.52926    13.9096
  134  182  227    7   2.56765    2.08533          -    3.41537     14.096    6.99399    13.9829
  140  183  228    7    5.4167    1.96188          -    3.02299    11.5821    7.01788    12.9883
  140  184  229    7   4.74161    2.27996          -    4.08266    11.8595    7.69131    12.7113
  267  270  230    7   8.54438    3.10215          -    7.55815    22.8781    10.3095    17.4653
  267  271  231    7   6.09743    2.84368          -    6.35113    20.5876     10.014    16.7806
  141  185  232    7   4.68221    2.48157          -    4.83663      16.46    7.99458    14.8979
  141  186  233    7   16.1405     1.9256          -     2.9122    10.7971    6.39557    11.9839
  142  187  234    7   9.17385    2.04076          -    3.27096    11.5972    6.85249    12.5915
  142  188  235    7   11.1277    2.38236          -    4.45763    16.2706    7.95864     14.941
  148  189  236    8   2.33939     1.0095          -   0.800394    3.71267    3.17144    6.83043
  148  190  237    8   3.16987    1.28482          -    1.29651    6.01392    4.03638    8.69328
  152  191  238    8   1.13281    1.64938          -    2.13665    7.51091    5.18169    9.71519
  152  192  239    8   2.61159    1.92051          -    2.89684    10.1832    6.03347    11.3122
  155  193  240    8   12.2763    2.20193          -    3.80799    12.2126    6.91756    12.3882
  155  194  241    8   6.32381    1.89107          -    2.80869    9.00777    5.94096    10.6393
  157  196  242    8   1.68578    2.36018          -    4.37502    12.1665    7.41473    12.3648
  157  197  243    8   2.33627    4.62626          -    16.8093    41.0934    17.4748     25.934
  162  199  244    7   1.68578    2.37388          -    4.42596     12.842    7.45777    12.7035
  162  200  245    7   16.8188    2.10121          -    3.46761    12.5166    7.03025    12.8307
  163  201  246    7   1.16102    1.54288          -    1.86963    6.23045     4.8471     8.8484
  163  202  247    7   7.94154    1.79651          -    2.53482    8.44718    5.64389    10.3029
  164  203  248    7   5.83758    1.79596          -    2.53329    8.23208    5.64219    10.1709
  164  204  249    7   14.3492    2.09119          -    3.43461     11.161    6.56967    11.8428
  278  280  250    7   11.0328    4.14504          -    13.4942    37.9914    13.8947    22.5615
  278  281  251    7   13.0095    4.55245          -    16.2772    42.3629    14.8368    23.5069
  166  205  252    8   2.63559    2.82023          -    6.24683    20.3443    9.73826    16.9197
  166  206  253    8    9.2391    2.53087          -    5.03071    16.3283    8.40073    14.5412
  167  207  254    8   23.6676    1.83484          -    2.64416    8.91729    6.40334     11.701
  167  208  255    8   12.4586    1.91644          -    2.88455     10.936    6.55567    12.4145
  168  209  256    8   21.2307    1.95184          -    2.99212    11.0876    6.55296    12.2747
  168  210  257    8   19.3403    2.12177          -    3.53579    12.8057    7.26357    13.2752
  169  211  258    8   7.53159    2.21911          -    3.86765    13.8393      7.427    13.7968
  169  212  259    8   7.82628    3.20975          -    8.09158    24.2988    10.6031    18.2543
  170  213  260    8   10.0974     2.4512          -    4.71896    16.4567    8.02597    14.7675
  170  237  261    8   15.9832    1.87375          -    2.75749    9.64016    6.17291    11.3605
  258  259  262    7   22.4573    2.16464          -     3.6801    10.9619    7.18502    12.4277
  258  260  263    7   12.0251    1.96891          -    3.04469     9.8546    6.53896    11.4267
  316  317  264    7   14.5541    4.41423          -    15.3038    41.9275    14.2652    23.2776
  316  318  265    7   15.4822    3.95028          -    12.2559    34.1614    12.6999    21.1262
  171  214  266    7   9.48302    2.00749          -    3.16517    9.42591    6.59967    11.2995
  171  215  267    7   16.2299    2.06643          -    3.35375    12.9309     6.8738    13.0572
  172  216  268    7   8.89141    2.20475          -    3.81775    12.6494    7.83377      13.66
  172  217  269    7    19.605     2.1401          -    3.59713    13.1939    7.69435    13.9238
  176  218  270    9   5.34382    1.18724          -    1.10705    3.98258    3.72982    7.07436
  180  219  271    9   3.02798    1.99206          -    3.11671    10.2485    6.82718    12.2192
  180  220  272    9     3.505    2.13648          -    3.58499    11.3575    7.25198    13.1436
  373  375  273    7   7.14266    1.81393          -    2.58424    8.34795    6.08013    10.6402
  270  272  274    8   16.6149    1.95324          -    2.99642    8.75921    6.53448    10.8092
  270  273  275    8    23.808    2.31884          -    4.22309    15.0574    7.85615    14.5704
  271  274  276    8   5.05417    2.47511          -    4.81148    14.4673    8.44133    14.2007
  271  275  277    8   3.83189    2.29999          -    4.15473    13.3863    7.69041    14.1508
  185  221  278    8       3.5    1.93875          -    2.95212    9.95034    6.41624    11.5163
  185  222  279    8   16.6578    2.06568          -    3.35131    10.8119    6.71614    12.1654
  187  223  280    8   4.25705    1.83853          -     2.6548    8.74787    6.08533    10.9123
  187  242  281    8   12.8703    2.19332          -    3.77827    12.3973    9.03454    14.7688
  188  224  282    8   4.15579    1.73912          -    2.37547     8.6706    5.46361    10.4383
  188  225  283    8   8.00883    1.78173          -     2.4933    11.2257    5.85133    12.1223
  148  226  284    8   2.18669     1.0095          -   0.800394    3.71267    3.17144    6.83043
  196  227  285    9   27.7968    2.50905          -    4.94435    14.0559    8.27208    13.5381
  196  228  286    9   2.02814    2.87631          -    6.49774     25.043    10.0297    18.4031
  280  284  287    8   7.18564    1.89078          -    2.80783    12.0248    6.26428    12.8132
  280  285  288    8   1.62339    3.02588          -    7.19106    20.2456    9.50608    15.9504
  281  286  289    8   32.3471    2.33494          -    4.28194     13.084    7.77047    13.1038
  281  287  290    8   14.0714    3.13245          -    7.70653    23.8682    10.3242    17.6701
  206  229  291    9   29.4979    1.99733          -    3.13322    10.6289    6.69948    12.0981
  206  230  292    9   15.3276    2.31236          -    4.19953    14.2677    7.59035    14.3958
  208  231  293    9   6.13012    1.62897          -    2.08409    7.90126    5.11756    9.96444
  208  232  294    9   1.91655      1.399          -    1.53718    5.82779    4.39508     8.5577
  212  233  295    9   4.82016    3.11476          -    7.61973    22.7189    10.5363    17.6035
  212  234  296    9   2.64491    2.34312          -      4.312    12.9488    7.36113    12.7562
  213  235  297    9   11.9015    1.76018          -    2.43335    8.07095    6.02036    10.7324
  213  236  298    9   14.5558    2.13082          -    3.56603    12.6754    7.08463    13.0961
  317  319  299    8   22.4546    2.52301          -    4.99951    14.8095    8.27259    14.4828
  317  320  300    8   2.88642    3.87576          -    11.7979    34.7719    13.9329    22.6259
  322  325  301    9   21.6871     2.5605          -    5.14919    17.3778    8.36269    15.3846
  322  326  302    9   10.2135    2.14289          -    3.60652    15.0941    7.02575    14.1214
  214  238  303    8         1    1.46547          -    1.68672    5.02307     4.6039    7.94492
  214  239  304    8   8.61451    1.70637          -    2.28684    6.81022    5.36071    9.25093
  172  240  305    7    1.8908    1.58523          -    1.97367    6.58797    4.98014    9.09873
  176  241  306    9   13.8456     2.7529          -    5.95212    18.8611    12.1234     18.794
  365  366  307    8   3.82015    1.94499          -    2.97116    9.92575    6.43739    12.5124
  365  367  308    8   7.63005    1.71014          -    2.29695    7.28412    5.70274    9.88227
  225  243  309    9   1.37784    1.30066          -    1.32868    5.98218    4.08616    8.67031
  225  244  310    9   4.73283    1.51447          -    1.80141    8.11057    4.75785    10.0956
  228  245  311   10   1.37784    2.09971          -    3.46265    13.3454    6.59643      12.95
  228  246  312   10   28.8662    2.06729          -    3.35656    10.8993    6.88589    12.1723
  285  288  313    9   5.36627    2.92613          -    6.72477    22.9101    9.95754    17.3919
  285  289  314    9    18.961    2.21297          -    3.84629    12.7394    7.53658    13.1633
  287  290  315    9   11.0827    2.26698          -     4.0363    12.7482    7.61193     13.722
  287  291  316    9   1.16102    2.28669          -    4.10681    12.7194    7.18385    12.6426
  233  247  317   10   28.6577    2.64312          -    5.48685    17.9132    9.19189    16.1341
  233  248  318   10   6.89448    2.07826          -    3.39228    10.8975    7.00282    12.0832
  235  249  319   10       1.5     0.9681          -   0.736088    2.44146    3.04137    5.53898
  235  250  320   10   5.28083    1.23213          -    1.19234    3.95477    3.87084    7.04961
  320  323  321    9   8.73979    3.18408          -    7.96267    25.5103    10.5684    18.2668
  320  324  322    9   18.0623    2.42937          -    4.63531    15.3519     7.8718     14.269
  243  251  323   10    6.7103    1.10556          -   0.959971    4.32212    3.47323    7.36976
  243  252  324   10   1.37784   0.949485          -   0.708053     3.1879    2.98289    6.32932
  244  253  325   10   1.13281    1.10556          -   0.959971    4.32212    3.47323    7.36976
  244  254  326   10       1.5     1.2873          -    1.30152    5.85989    4.04418    8.58123
  288  292  327   10         2    4.00948          -     12.626    30.6336     16.974    22.5648
  288  293  328   10   4.30746    3.06006          -    7.35444    22.0295    11.3152    18.1687
  247  255  329   11   7.49076    1.92948          -    2.92394    9.54594    6.06163    10.9525
  247  256  330   11   13.3973    2.24665          -    3.96425    12.9423    7.05806    12.7529
  235  257  331   10   1.86607     0.9681          -   0.736088    2.44146    3.04137    5.53898
  323  327  332   10   19.8009    2.14627          -    3.61791     9.8167    7.04685    11.5847
  323  328  333   10   13.4029    2.60961          -    5.34862     19.073    8.48173    15.8088
  293  294  334   11   7.99948    2.38553          -    4.46951    17.2792    8.35899    15.3295
  293  295  335   11   6.16892    2.15659          -    3.65278    13.2193    7.74401      14.09
  382  383  336    7    4.0385    1.89885          -    2.83186    11.8426    6.24671    12.5258
  382  386  337    7   13.8706    1.86393          -    2.72866    9.36064    5.85571    10.8457
  259  261  338    8   7.50766    1.58018          -    1.96113     5.8416     4.9643    8.56783
  259  262  339    8   10.1216    1.83994          -    2.65887    7.91997    5.78034    9.97624
  260  263  340    8   5.67411    1.43731          -    1.62252    5.25152    4.51543    8.12358
  260  264  341    8   16.5289    1.80169          -    2.54948    9.16486    6.14823    11.5264
  266  268  342    7    2.7411    1.28536          -     1.2976    5.18844    4.03809    8.07464
  266  269  343    7   18.9446    1.49665          -    1.75927    7.03443    4.70188    9.40198
  279  282  344    7   11.0545     1.9462          -    2.97485    11.0743    6.92617     12.658
  279  283  345    7   4.40332    1.56415          -    1.92152    6.03813    4.91391    8.71076
  296  297  346    6   5.41592    2.05145          -    3.30532    12.7453    7.24698    13.8316
  296  298  347    6   5.28823    2.77202          -    6.03506    17.8408    9.05413    15.1486
  318  321  348    8   2.99898    2.57243          -    5.19731    19.9201    9.42291    16.7629
  318  322  349    8   1.51105     2.8837          -    6.53117    18.2046    9.05942     15.125
  331  333  350    7   8.69775    1.62888          -    2.08385    6.77561    5.11727     9.2274
  331  334  351    7    3.7228    1.41197          -    1.56581    6.58614    4.89042    9.47018
  333  337  352    8   1.84419    1.38455          -    1.50558    4.89538    4.34968    7.84329
  333  338  353    8   1.62339    1.18908          -    1.11048    3.61072     3.7356      6.736
  332  335  354    7   1.84419    1.88728          -    2.79744    9.05015    6.27327    11.0956
  332  336  355    7   11.6312    1.95629          -    3.00578    11.8002      6.378    12.4969
  336  340  356    8   11.6435    1.53648          -    1.85414    6.65614    6.17595    10.7883
  336  339  357    8   8.14761    1.88663          -    2.79553    12.0315    6.29325     12.751
  339  341  358    9   8.68635    1.50144          -    1.77054    7.65044    5.91682    11.9657
  339  342  359    9   6.55236    1.37724          -    1.48974    6.41159    4.32673     8.9761
  343  344  360    6   13.2324       2.74          -    5.89644    15.6582    11.0886    17.1199
  343  382  361    6   8.41847    2.19286          -    3.77669    12.9559     7.8079    13.8777
  383  384  362    8   6.70844    1.88647          -    2.79506    8.09614    6.42795     10.885
  383  385  363    8   1.81404    2.15252          -    3.63902    13.8133    7.24008    14.0222
  384  387  364    9   6.98305    1.87217          -    2.75283    10.6011    6.31767    12.3076
  384  388  365    9   7.34503    1.64633          -    2.12875    9.75728    6.24905    11.9719
  347  349  366    7   7.31195    1.77768          -    2.48198     7.5436    5.91256    10.0644
  347  348  367    7   2.56765    1.47538          -    1.70961    6.87644    5.51368    10.0486
  349  350  368    8   5.81537    1.86033          -    2.71814    10.1014    6.36418    11.8049
  349  351  369    8   2.74013    2.73936          -    5.89372    17.0083    10.2207    17.0602
  350  353  370    9   2.98142    1.94486          -    2.97076    10.9219    6.41487    12.5683
  350  352  371    9   1.62339    1.35804          -     1.4485    5.38304    4.26642    8.22467
  353  354  372   10    3.9157    1.41975          -    1.58312    5.82028    4.46027    8.55218
  353  355  373   10   11.6061    1.86191          -    2.72275    9.21314    7.77777     12.922
  357  358  374    8    12.275    1.41814          -    1.57952    5.10061    4.88583    8.46617
  357  359  375    8   2.00315    2.24493          -    3.95819    14.4461    7.49466     14.036
  360  362  376    8   14.9812    1.60669          -    2.02748    7.15149    5.49682    9.96579
  360  361  377    8   12.0086    1.47302          -    1.70414    7.21189    5.92836     11.462
  366  368  378    9   2.90159    1.45084          -    1.65321    9.04989    5.39495    11.2366
  366  369  379    9   3.31699     1.5939          -    1.99533    6.60879    5.77375    9.53238
  367  370  380    9    3.4081     1.2484          -    1.22404    3.88171    3.92196    6.98419
  367  371  381    9    7.0647    1.45362          -    1.65955    5.26278    4.56667    8.13228
  374  376  382    8   1.51105    1.36783          -    1.46944    5.13713    4.29715    8.03462
  374  377  383    8   2.85466    1.50684          -     1.7833    6.65775    5.13254    9.96216
  377  380  384    9   6.54508    1.85634          -    2.70648    8.66158    7.76947    12.9068
  377  381  385    9   2.11884    1.81904          -    2.59881    9.35171     6.2314     12.266
  375  378  386    8   5.77922    1.84028          -    2.65985    8.86198    6.78425    11.6307
  375  379  387    8    2.3221    1.32417          -    1.37714    4.44862    4.16001    7.47683
