Title="NZL00306_IN0_Central_1D"
Vertex = "x","y", "z", "bpName"
Link = "bp0","bp1", "id","generation","length","diameter","name"
N=527, E=526
  215.953125   215.953125     0.500000 unnamed
  204.000000   250.218750   102.000000 unnamed
  182.484375   250.218750   122.500000 unnamed
  245.437500   249.421875   135.500000 unnamed
  255.796875   256.593750   147.000000 unnamed
  170.531250   245.437500   152.500000 unnamed
  164.156250   249.421875   113.000000 unnamed
  262.171875   255.796875   160.000000 unnamed
  260.578125   242.250000   133.000000 unnamed
  158.578125   227.109375   160.000000 unnamed
  168.140625   247.828125   157.000000 unnamed
  162.562500   247.031250   112.000000 unnamed
  160.968750   256.593750   112.500000 unnamed
  266.156250   260.578125   168.000000 unnamed
  263.765625   240.656250   123.500000 unnamed
  270.937500   232.687500   141.500000 unnamed
  156.984375   219.937500   161.000000 unnamed
  156.984375   238.265625   112.000000 unnamed
  146.625000   266.156250   115.000000 unnamed
  161.765625   267.750000   107.500000 unnamed
  268.546875   269.343750   180.000000 unnamed
  274.921875   261.375000   172.000000 unnamed
  267.750000   231.890625   118.000000 unnamed
  267.750000   247.828125   116.500000 unnamed
  279.703125   225.515625   142.500000 unnamed
  278.906250   221.531250   157.000000 unnamed
  152.203125   199.218750   161.500000 unnamed
  165.750000   258.984375   154.500000 unnamed
  154.593750   220.734375   107.500000 unnamed
  149.812500   235.875000   109.500000 unnamed
  141.046875   266.953125   116.000000 unnamed
  144.234375   273.328125   113.500000 unnamed
  161.765625   274.125000   102.000000 unnamed
  161.765625   276.515625   110.000000 unnamed
  291.656250   258.984375   185.500000 unnamed
  283.687500   265.359375   169.500000 unnamed
  264.562500   224.718750   109.500000 unnamed
  271.734375   227.906250   115.500000 unnamed
  266.953125   254.203125   102.500000 unnamed
  273.328125   255.000000   113.000000 unnamed
  288.468750   208.781250   145.500000 unnamed
  288.468750   227.906250   142.500000 unnamed
  275.718750   217.546875   160.000000 unnamed
  282.890625   216.750000   162.000000 unnamed
  168.937500   262.968750   154.000000 unnamed
  156.187500   270.140625   152.500000 unnamed
  153.796875   206.390625   109.000000 unnamed
  158.578125   203.203125    90.500000 unnamed
  141.843750   234.281250   103.000000 unnamed
  141.843750   231.890625   112.500000 unnamed
  127.500000   268.546875   110.500000 unnamed
  129.093750   269.343750   121.000000 unnamed
  150.609375   293.250000    88.000000 unnamed
  165.750000   282.093750    97.000000 unnamed
  167.343750   283.687500   113.000000 unnamed
  156.187500   290.062500   108.500000 unnamed
  298.031250   264.562500   187.500000 unnamed
  301.218750   255.796875   193.500000 unnamed
  290.062500   265.359375   168.000000 unnamed
  284.484375   268.546875   168.500000 unnamed
  262.171875   209.578125   105.000000 unnamed
  266.156250   223.125000   100.500000 unnamed
  281.296875   229.500000   108.000000 unnamed
  273.328125   222.328125   116.000000 unnamed
  267.750000   253.406250    92.500000 unnamed
  279.703125   269.343750   104.500000 unnamed
  282.890625   255.796875   113.000000 unnamed
  290.859375   208.781250   146.000000 unnamed
  295.640625   186.468750   153.000000 unnamed
  294.843750   227.109375   145.500000 unnamed
  297.234375   232.687500   138.500000 unnamed
  288.468750   211.968750   165.500000 unnamed
  288.468750   206.390625   173.500000 unnamed
  168.937500   274.921875   148.000000 unnamed
  179.296875   265.359375   162.000000 unnamed
  151.406250   282.890625   150.500000 unnamed
  136.265625   274.125000   148.000000 unnamed
  149.812500   195.234375   108.500000 unnamed
  156.984375   203.203125   110.500000 unnamed
  125.906250   239.859375    99.500000 unnamed
  133.078125   226.312500    95.500000 unnamed
  133.078125   235.875000   116.500000 unnamed
  167.343750   282.093750    97.500000 unnamed
  171.328125   294.843750    84.500000 unnamed
  167.343750   288.468750   113.500000 unnamed
  176.109375   281.296875   117.500000 unnamed
  154.593750   289.265625   108.500000 unnamed
  154.593750   297.234375   110.000000 unnamed
  156.187500   294.843750   106.000000 unnamed
  309.187500   255.000000   195.500000 unnamed
  306.796875   253.406250   202.000000 unnamed
  295.640625   262.968750   161.500000 unnamed
  303.609375   264.562500   171.000000 unnamed
  292.453125   286.875000   171.500000 unnamed
  286.875000   272.531250   166.000000 unnamed
  259.781250   204.796875   105.000000 unnamed
  261.375000   199.218750   100.000000 unnamed
  263.765625   221.531250    93.000000 unnamed
  270.937500   221.531250    92.000000 unnamed
  284.484375   231.890625   102.000000 unnamed
  273.328125   222.328125   117.000000 unnamed
  274.125000   254.203125    80.500000 unnamed
  263.765625   255.796875    81.000000 unnamed
  282.093750   277.312500   101.000000 unnamed
  287.671875   255.796875   108.500000 unnamed
  287.671875   257.390625   115.500000 unnamed
  303.609375   203.203125   145.500000 unnamed
  290.062500   209.578125   147.000000 unnamed
  303.609375   225.515625   148.000000 unnamed
  293.250000   227.109375   147.500000 unnamed
  304.406250   237.468750   138.000000 unnamed
  306.000000   233.484375   135.000000 unnamed
  294.843750   211.968750   167.000000 unnamed
  168.140625   282.093750   147.000000 unnamed
  171.328125   274.921875   145.500000 unnamed
  145.828125   294.046875   146.500000 unnamed
  150.609375   298.031250   154.500000 unnamed
  154.593750   171.328125   113.000000 unnamed
  139.453125   188.859375   108.000000 unnamed
  156.984375   202.406250   111.500000 unnamed
  161.765625   195.234375   109.500000 unnamed
  118.734375   214.359375   116.500000 unnamed
  311.578125   255.000000   195.000000 unnamed
  304.406250   252.609375   203.000000 unnamed
  309.187500   251.812500   204.500000 unnamed
  304.406250   264.562500   172.000000 unnamed
  308.390625   265.359375   171.000000 unnamed
  255.796875   199.218750   103.000000 unnamed
  257.390625   200.812500   107.500000 unnamed
  261.375000   198.421875    99.000000 unnamed
  258.187500   188.062500   101.500000 unnamed
  262.171875   217.546875    81.000000 unnamed
  260.578125   219.937500    90.000000 unnamed
  273.328125   222.328125    92.000000 unnamed
  270.937500   221.531250    90.500000 unnamed
  284.484375   233.484375   102.000000 unnamed
  287.671875   231.890625    97.500000 unnamed
  288.468750   229.500000   108.000000 unnamed
  279.703125   211.171875   115.500000 unnamed
  278.906250   256.593750    65.500000 unnamed
  286.078125   255.000000    73.500000 unnamed
  258.187500   256.593750    75.500000 unnamed
  284.484375   270.937500   104.500000 unnamed
  284.484375   281.296875    97.500000 unnamed
  283.687500   286.078125   101.000000 unnamed
  292.453125   252.609375   108.500000 unnamed
  297.234375   258.187500   102.000000 unnamed
  286.078125   257.390625   117.000000 unnamed
  290.062500   259.781250   116.000000 unnamed
  299.625000   209.578125   170.000000 unnamed
  297.234375   215.156250   167.000000 unnamed
  299.625000   200.812500   173.000000 unnamed
  167.343750   299.625000   140.000000 unnamed
  144.234375   294.843750   146.500000 unnamed
  145.828125   302.812500   143.500000 unnamed
  148.218750   302.015625   155.000000 unnamed
  151.406250   302.812500   155.500000 unnamed
  309.187500   257.390625   195.000000 unnamed
  282.890625   209.578125   115.000000 unnamed
  278.109375   184.875000   123.500000 unnamed
  255.796875   256.593750    74.000000 unnamed
  255.796875   259.781250    69.500000 unnamed
  260.578125   263.765625    54.500000 unnamed
  284.484375   282.093750    96.500000 unnamed
  287.671875   280.500000    97.500000 unnamed
  308.390625   196.828125   176.000000 unnamed
  306.796875   184.078125   185.000000 unnamed
  169.734375   302.015625   140.000000 unnamed
  166.546875   302.812500   138.500000 unnamed
  169.734375   295.640625   149.000000 unnamed
  260.578125   260.578125    48.000000 unnamed
  258.187500   264.562500    54.500000 unnamed
  309.187500   184.875000   187.500000 unnamed
  309.187500   176.906250   188.000000 unnamed
  258.984375   267.750000    51.000000 unnamed
  159.375000   250.218750    98.000000 unnamed
  160.171875   251.015625    93.500000 unnamed
  158.578125   247.828125    84.000000 unnamed
  161.765625   258.984375    82.000000 unnamed
  154.593750   249.421875    64.000000 unnamed
  158.578125   245.437500    81.000000 unnamed
  158.578125   266.953125    70.000000 unnamed
  170.531250   267.750000    77.500000 unnamed
  156.984375   245.437500    81.000000 unnamed
  157.781250   237.468750    74.500000 unnamed
  148.218750   255.000000    90.000000 unnamed
  145.828125   259.781250    88.000000 unnamed
  141.843750   253.406250    81.500000 unnamed
  144.234375   260.578125    89.000000 unnamed
  139.453125   266.953125    83.500000 unnamed
  137.859375   251.812500    80.500000 unnamed
  139.453125   251.812500    77.500000 unnamed
  138.656250   269.343750    82.500000 unnamed
  133.875000   269.343750    83.500000 unnamed
  139.453125   250.218750    76.000000 unnamed
  137.062500   255.796875    73.000000 unnamed
  150.609375   225.515625   162.000000 unnamed
  138.656250   226.312500   159.500000 unnamed
  141.046875   215.156250   168.500000 unnamed
  133.875000   223.921875   157.500000 unnamed
  133.875000   230.296875   159.500000 unnamed
  132.281250   208.781250   173.000000 unnamed
  141.843750   217.546875   171.500000 unnamed
  125.109375   220.734375   156.000000 unnamed
  134.671875   221.531250   153.000000 unnamed
  129.093750   232.687500   160.500000 unnamed
  122.718750   239.859375   154.500000 unnamed
  114.750000   205.593750   177.000000 unnamed
  143.437500   215.953125   175.000000 unnamed
  139.453125   219.140625   174.000000 unnamed
  109.171875   218.343750   149.500000 unnamed
  106.781250   184.875000   191.000000 unnamed
  105.187500   185.671875   191.000000 unnamed
   99.609375   177.703125   197.500000 unnamed
  111.562500   215.156250   159.000000 unnamed
  162.562500   249.421875   168.000000 unnamed
  160.968750   251.015625   170.000000 unnamed
  162.562500   240.656250   180.000000 unnamed
  158.578125   262.968750   174.000000 unnamed
  159.375000   243.843750   181.000000 unnamed
  159.375000   236.671875   190.500000 unnamed
  151.406250   295.640625   181.000000 unnamed
  165.750000   269.343750   179.500000 unnamed
  153.000000   228.703125   198.500000 unnamed
  151.406250   239.859375   211.000000 unnamed
  153.000000   301.218750   181.500000 unnamed
  149.812500   298.828125   182.500000 unnamed
  167.343750   268.546875   181.000000 unnamed
  164.953125   274.125000   180.500000 unnamed
  154.593750   223.125000   199.500000 unnamed
  149.015625   225.515625   203.500000 unnamed
  145.828125   227.109375   203.000000 unnamed
  136.265625   210.375000   217.500000 unnamed
  153.796875   251.015625   179.000000 unnamed
  152.203125   253.406250   185.500000 unnamed
  144.234375   247.031250   184.500000 unnamed
  132.281250   251.812500   187.000000 unnamed
  121.921875   234.281250   203.000000 unnamed
  122.718750   262.968750   184.000000 unnamed
  111.562500   249.421875   190.500000 unnamed
   98.812500   217.546875   218.500000 unnamed
  103.593750   234.281250   211.000000 unnamed
  152.203125   264.562500   198.000000 unnamed
  266.156250   262.171875    95.500000 unnamed
  264.562500   269.343750    92.000000 unnamed
  270.937500   271.734375    80.000000 unnamed
  265.359375   283.687500    87.500000 unnamed
  262.171875   271.734375    90.000000 unnamed
  268.546875   281.296875    68.000000 unnamed
  284.484375   279.703125    72.000000 unnamed
  266.953125   283.687500    65.000000 unnamed
  270.937500   281.296875    67.500000 unnamed
  276.515625   272.531250   187.000000 unnamed
  288.468750   288.468750   193.000000 unnamed
  289.265625   275.718750   206.500000 unnamed
  294.843750   294.843750   192.000000 unnamed
  296.437500   286.875000   217.000000 unnamed
  295.640625   273.328125   214.000000 unnamed
  294.843750   296.437500   198.000000 unnamed
  297.234375   299.625000   228.500000 unnamed
  312.375000   302.015625   236.000000 unnamed
  266.156250   274.921875   184.500000 unnamed
  265.359375   280.500000   191.500000 unnamed
  270.140625   286.078125   183.500000 unnamed
  262.968750   286.078125   192.500000 unnamed
  267.750000   283.687500   202.500000 unnamed
  267.750000   286.875000   182.500000 unnamed
  278.906250   308.390625   185.500000 unnamed
  264.562500   298.031250   196.000000 unnamed
  258.984375   288.468750   195.000000 unnamed
  266.156250   284.484375   209.500000 unnamed
  270.937500   290.062500   207.500000 unnamed
  266.156250   300.421875   198.500000 unnamed
  262.171875   306.796875   195.000000 unnamed
  250.218750   285.281250   207.000000 unnamed
  256.593750   292.453125   196.000000 unnamed
  257.390625   276.515625   223.000000 unnamed
  266.156250   294.046875   217.000000 unnamed
  262.968750   294.046875   198.500000 unnamed
  266.953125   309.187500   203.000000 unnamed
  260.578125   306.796875   195.000000 unnamed
  262.968750   313.968750   193.000000 unnamed
  261.375000   298.031250   195.000000 unnamed
  153.796875   186.468750   165.000000 unnamed
  155.390625   179.296875   163.000000 unnamed
  153.796875   174.515625   171.000000 unnamed
  157.781250   177.703125   158.500000 unnamed
  161.765625   158.578125   167.000000 unnamed
  158.578125   154.593750   184.000000 unnamed
  154.593750   176.906250   153.500000 unnamed
  159.375000   176.906250   159.000000 unnamed
  163.359375   152.203125   167.000000 unnamed
  163.359375   159.375000   167.000000 unnamed
  160.968750   148.218750   188.000000 unnamed
  160.171875   156.187500   187.000000 unnamed
  156.187500   174.515625   178.500000 unnamed
  153.796875   173.718750   151.500000 unnamed
  155.390625   183.281250   149.500000 unnamed
  162.562500   148.218750   167.500000 unnamed
  164.953125   138.656250   194.000000 unnamed
  159.375000   145.828125   187.500000 unnamed
  169.734375   133.078125   196.000000 unnamed
  164.156250   138.656250   196.500000 unnamed
  146.625000   191.250000   160.000000 unnamed
  139.453125   183.281250   163.500000 unnamed
  137.859375   172.921875   167.000000 unnamed
  139.453125   167.343750   167.000000 unnamed
  134.671875   163.359375   171.000000 unnamed
  134.671875   160.968750   171.500000 unnamed
  131.484375   160.968750   173.000000 unnamed
  141.843750   184.078125   156.000000 unnamed
  137.859375   171.328125   154.000000 unnamed
  137.859375   152.203125   144.500000 unnamed
  132.281250   160.171875   155.000000 unnamed
  130.687500   160.171875   154.500000 unnamed
  131.484375   150.609375   157.500000 unnamed
  144.234375   257.390625   191.500000 unnamed
  133.078125   257.390625   202.500000 unnamed
  130.687500   264.562500   202.500000 unnamed
  126.703125   267.750000   202.000000 unnamed
  129.890625   269.343750   207.000000 unnamed
  125.906250   275.718750   211.500000 unnamed
  135.468750   269.343750   206.500000 unnamed
  134.671875   274.125000   194.500000 unnamed
  129.093750   282.093750   194.000000 unnamed
  121.125000   288.468750   196.000000 unnamed
  121.921875   299.625000   192.000000 unnamed
  131.484375   286.078125   198.500000 unnamed
  130.687500   294.843750   199.500000 unnamed
  123.515625   294.843750   204.000000 unnamed
  127.500000   309.984375   202.000000 unnamed
  133.078125   295.640625   200.000000 unnamed
  117.937500   302.015625   207.500000 unnamed
  121.921875   295.640625   207.500000 unnamed
  154.593750   274.921875   200.000000 unnamed
  154.593750   283.687500   201.000000 unnamed
  155.390625   297.234375   204.000000 unnamed
  152.203125   286.078125   200.000000 unnamed
  163.359375   282.093750   205.500000 unnamed
  152.203125   310.781250   205.500000 unnamed
  158.578125   299.625000   202.500000 unnamed
  164.953125   282.093750   206.000000 unnamed
  163.359375   285.281250   208.500000 unnamed
  153.000000   313.171875   204.500000 unnamed
  156.187500   304.406250   208.000000 unnamed
  150.609375   317.156250   208.000000 unnamed
  155.390625   303.609375   210.500000 unnamed
  157.781250   309.984375   211.000000 unnamed
  150.609375   266.156250   202.000000 unnamed
  155.390625   270.140625   217.000000 unnamed
  161.765625   267.750000   220.500000 unnamed
  165.750000   281.296875   225.500000 unnamed
  153.796875   277.312500   225.000000 unnamed
  156.187500   276.515625   231.000000 unnamed
  151.406250   284.484375   230.500000 unnamed
  153.000000   274.125000   233.500000 unnamed
  159.375000   280.500000   236.000000 unnamed
  152.203125   291.656250   233.000000 unnamed
  148.218750   286.078125   233.000000 unnamed
  151.406250   296.437500   235.000000 unnamed
  154.593750   295.640625   237.000000 unnamed
  146.625000   286.875000   235.000000 unnamed
  147.421875   288.468750   233.000000 unnamed
  150.609375   300.421875   234.000000 unnamed
  149.015625   309.187500   241.500000 unnamed
  157.781250   298.031250   237.500000 unnamed
  149.015625   312.375000   241.500000 unnamed
  145.031250   314.765625   245.000000 unnamed
  154.593750   304.406250   245.500000 unnamed
  143.437500   274.921875   209.000000 unnamed
  140.250000   286.875000   214.000000 unnamed
  136.265625   280.500000   220.000000 unnamed
  133.078125   306.000000   219.500000 unnamed
  142.640625   294.843750   218.500000 unnamed
  135.468750   277.312500   225.500000 unnamed
  131.484375   306.796875   221.000000 unnamed
  133.875000   309.984375   218.500000 unnamed
  144.234375   294.046875   219.500000 unnamed
  143.437500   307.593750   224.000000 unnamed
  133.875000   278.906250   228.000000 unnamed
  137.062500   274.125000   227.000000 unnamed
  147.421875   317.156250   226.500000 unnamed
  139.453125   318.750000   229.500000 unnamed
  138.656250   321.140625   228.500000 unnamed
  138.656250   321.937500   231.500000 unnamed
  133.078125   285.281250   224.000000 unnamed
  125.906250   291.656250   227.000000 unnamed
  128.296875   297.234375   232.000000 unnamed
  122.718750   292.453125   226.500000 unnamed
  117.140625   301.218750   233.500000 unnamed
  129.890625   298.828125   231.000000 unnamed
  125.906250   302.812500   236.000000 unnamed
  260.578125   268.546875   146.000000 unnamed
  266.953125   277.312500   146.500000 unnamed
  258.187500   278.109375   150.000000 unnamed
  267.750000   290.859375   150.000000 unnamed
  270.937500   284.484375   143.000000 unnamed
  252.609375   280.500000   160.000000 unnamed
  266.953125   300.421875   150.000000 unnamed
  270.140625   295.640625   154.000000 unnamed
  273.328125   290.062500   139.000000 unnamed
  256.593750   296.437500   156.500000 unnamed
  251.015625   278.906250   162.500000 unnamed
  252.609375   282.093750   162.000000 unnamed
  265.359375   302.015625   148.500000 unnamed
  273.328125   304.406250   157.500000 unnamed
  270.937500   294.046875   155.500000 unnamed
  276.515625   313.171875   131.500000 unnamed
  274.125000   288.468750   137.000000 unnamed
  278.906250   291.656250   142.500000 unnamed
  266.953125   309.187500   153.000000 unnamed
  279.703125   322.734375   164.000000 unnamed
  274.921875   303.609375   159.500000 unnamed
  282.890625   296.437500   140.500000 unnamed
  287.671875   310.781250   146.000000 unnamed
  265.359375   318.750000   159.500000 unnamed
  268.546875   320.343750   151.000000 unnamed
  258.984375   275.718750   141.000000 unnamed
  256.593750   276.515625   139.000000 unnamed
  259.781250   285.281250   135.500000 unnamed
  255.000000   277.312500   139.000000 unnamed
  253.406250   279.703125   136.000000 unnamed
  258.984375   294.843750   132.000000 unnamed
  260.578125   288.468750   132.500000 unnamed
  258.187500   298.031250   133.500000 unnamed
  256.593750   309.984375   126.500000 unnamed
  256.593750   316.359375   121.000000 unnamed
  256.593750   311.578125   127.000000 unnamed
  268.546875   247.828125   173.000000 unnamed
  267.750000   243.046875   186.000000 unnamed
  276.515625   242.250000   178.500000 unnamed
  270.937500   237.468750   195.500000 unnamed
  268.546875   244.640625   201.000000 unnamed
  280.500000   238.265625   176.500000 unnamed
  277.312500   233.484375   203.000000 unnamed
  270.140625   235.875000   196.500000 unnamed
  286.875000   235.078125   187.000000 unnamed
  295.640625   233.484375   188.500000 unnamed
  297.234375   233.484375   187.500000 unnamed
  309.984375   229.500000   195.000000 unnamed
  320.343750   226.312500   198.000000 unnamed
  309.984375   228.703125   196.000000 unnamed
  324.328125   223.921875   200.500000 unnamed
  321.937500   226.312500   197.000000 unnamed
  329.109375   221.531250   203.000000 unnamed
  323.531250   223.921875   201.500000 unnamed
  291.656250   231.093750   192.500000 unnamed
  291.656250   226.312500   196.500000 unnamed
  307.593750   218.343750   207.500000 unnamed
  320.343750   208.781250   219.500000 unnamed
  307.593750   214.359375   209.000000 unnamed
  150.609375   196.828125   175.000000 unnamed
  142.640625   178.500000   185.000000 unnamed
  149.812500   190.453125   183.500000 unnamed
  141.046875   164.156250   191.500000 unnamed
  136.265625   171.328125   190.000000 unnamed
  147.421875   184.875000   188.500000 unnamed
  151.406250   193.640625   186.500000 unnamed
  141.843750   149.015625   199.000000 unnamed
  138.656250   160.171875   190.500000 unnamed
  125.109375   159.375000   201.000000 unnamed
  133.078125   172.125000   189.500000 unnamed
  145.828125   185.671875   188.500000 unnamed
  148.218750   176.906250   196.000000 unnamed
  150.609375   194.437500   187.500000 unnamed
  152.203125   191.250000   190.000000 unnamed
  140.250000   145.828125   198.500000 unnamed
  144.234375   141.843750   204.000000 unnamed
  120.328125   157.781250   201.500000 unnamed
  121.921875   156.187500   204.500000 unnamed
  149.812500   176.906250   196.500000 unnamed
  145.828125   141.046875   204.000000 unnamed
  143.437500   141.046875   205.500000 unnamed
  120.328125   153.000000   207.500000 unnamed
  123.515625   156.187500   205.500000 unnamed
  145.828125   166.546875   204.000000 unnamed
  113.953125   147.421875   217.000000 unnamed
  119.531250   151.406250   207.000000 unnamed
  129.093750   258.187500   205.500000 unnamed
  117.140625   264.562500   210.000000 unnamed
  119.531250   260.578125   216.000000 unnamed
  111.562500   264.562500   213.500000 unnamed
  106.781250   279.703125   217.000000 unnamed
  111.562500   266.953125   224.500000 unnamed
  121.921875   256.593750   219.000000 unnamed
  110.765625   261.375000   213.500000 unnamed
  103.593750   267.750000   217.500000 unnamed
  105.187500   281.296875   215.500000 unnamed
  107.578125   274.125000   228.500000 unnamed
   99.609375   266.953125   233.500000 unnamed
  124.312500   255.000000   219.500000 unnamed
   99.609375   265.359375   217.000000 unnamed
   94.828125   270.140625   222.000000 unnamed
   97.218750   298.031250   224.000000 unnamed
  102.796875   280.500000   234.500000 unnamed
  108.375000   274.921875   230.000000 unnamed
  118.734375   254.203125   222.500000 unnamed
  125.906250   251.812500   218.500000 unnamed
  125.906250   255.796875   221.000000 unnamed
   91.640625   271.734375   223.000000 unnamed
   88.453125   267.750000   225.000000 unnamed
  118.734375   251.015625   223.000000 unnamed
  118.734375   255.796875   225.000000 unnamed
  163.359375   266.953125   221.500000 unnamed
  171.328125   258.984375   221.000000 unnamed
  170.531250   264.562500   230.500000 unnamed
  178.500000   249.421875   223.000000 unnamed
  178.500000   258.984375   218.500000 unnamed
  172.125000   262.968750   232.000000 unnamed
  172.125000   267.750000   232.500000 unnamed
  176.109375   268.546875   241.500000 unnamed
  184.078125   250.218750   240.500000 unnamed
  168.140625   145.828125   169.000000 unnamed
  181.687500   133.078125   164.000000 unnamed
  172.125000   137.859375   173.500000 unnamed
  172.921875   137.859375   176.000000 unnamed
  178.500000   130.687500   178.500000 unnamed
  135.468750   182.484375   164.500000 unnamed
  123.515625   177.703125   166.000000 unnamed
  131.484375   187.265625   165.500000 unnamed
  121.125000   177.703125   167.000000 unnamed
  121.125000   176.109375   164.000000 unnamed
  135.468750   184.078125   151.500000 unnamed
  123.515625   180.093750   145.500000 unnamed
  133.078125   187.265625   148.500000 unnamed
  121.125000   179.296875   143.000000 unnamed
  121.921875   179.296875   147.000000 unnamed
    1     2     1     0   119.164000     0.000000 -
    2     3     2     1    30.807200     0.000000 -
    2     4     3     1    55.326500     0.000000 -
    3     6     4     2    34.649200     0.000000 -
    3     7     5     2    21.554200     0.000000 -
    4     5     6     2    18.256500     0.000000 -
    4     9     7     2    17.058900     0.000000 -
    5   393     8     3    13.318900     0.000000 -
    5     8     9     3    15.491600     0.000000 -
    6    10    10     3    23.494200     0.000000 -
    6    11    11     3     6.026090     0.000000 -
    7    12    12     3     3.103320     0.000000 -
    7    13    13     3     8.084040     0.000000 -
  393   394    14     4    11.505800     0.000000 -
  393   395    15     4    11.049300     0.000000 -
    8    14    16     4    10.622700     0.000000 -
    8   429    17     4    17.225700     0.000000 -
    9    15    18     3    10.555500     0.000000 -
    9    16    19     3    16.960300     0.000000 -
   10    17    20     4     7.537220     0.000000 -
   10   197    21     4     9.427520     0.000000 -
   11    28    22     3    12.064700     0.000000 -
   11   216    23     3    13.153900     0.000000 -
   12   176    24     3    15.258300     0.000000 -
   12    18    25     3    10.550200     0.000000 -
   13    19    26     4    17.779200     0.000000 -
   13    20    27     4    12.339600     0.000000 -
  394   396    28     5    14.282800     0.000000 -
  394   397    29     5     8.971530     0.000000 -
  393   418    30     4     9.465330     0.000000 -
   14    21    31     4    15.579500     0.000000 -
   14    22    32     4    10.045200     0.000000 -
  429   430    33     5    14.543900     0.000000 -
  429   431    34     5    11.294300     0.000000 -
   15    23    35     3    11.301700     0.000000 -
   15    24    36     3    11.074400     0.000000 -
   16    25    37     4    11.530900     0.000000 -
   16    26    38     4    21.218300     0.000000 -
   17    27    39     5    21.614400     0.000000 -
   17   452    40     5    27.935200     0.000000 -
  197   198    41     5    12.363800     0.000000 -
  197   199    42     5    15.670000     0.000000 -
  216   217    43     4     3.035350     0.000000 -
  216   218    44     4    16.404100     0.000000 -
  176   186    45     4    14.835300     0.000000 -
  176   177    46     4     4.953970     0.000000 -
   18    29    47     4    18.836300     0.000000 -
   18    30    48     4     8.068420     0.000000 -
   19    31    49     5     5.793890     0.000000 -
   19    32    50     5     8.248010     0.000000 -
   20    33    51     5     8.540830     0.000000 -
   20    34    52     5     9.172350     0.000000 -
  397   401    53     6     7.312530     0.000000 -
  397   410    54     6    11.245300     0.000000 -
  418   419    55     5     3.263310     0.000000 -
  418   420    56     5    11.205400     0.000000 -
   21   253    57     5    11.305400     0.000000 -
   21   262    58     5     7.797990     0.000000 -
   22    35    59     5    22.116700     0.000000 -
   22    36    60     5    10.332500     0.000000 -
  430   432    61     6    11.777900     0.000000 -
  430   433    62     6    16.069100     0.000000 -
  437   447    63     7     8.507840     0.000000 -
  437   438    64     7     9.693460     0.000000 -
   23    37    65     4    12.299600     0.000000 -
   23    38    66     4     6.164450     0.000000 -
   24    39    67     4    16.738100     0.000000 -
   24    40    68     4     9.782810     0.000000 -
   25    41    69     5    19.231300     0.000000 -
   25    42    70     5     9.301010     0.000000 -
   26    43    71     5     6.480970     0.000000 -
   26    44    72     5     8.140350     0.000000 -
   27   284    73     6    13.472900     0.000000 -
   27   304    74     6     9.998510     0.000000 -
  452   453    75     6    22.543800     0.000000 -
  452   454    76     6    11.463500     0.000000 -
  198   200    77     6     5.816540     0.000000 -
  198   201    78     6     6.293160     0.000000 -
  199   202    79     6    12.055600     0.000000 -
  199   203    80     6     4.592270     0.000000 -
   28    45    81     4     5.198620     0.000000 -
   28    46    82     4    15.101500     0.000000 -
  217   219    83     5    12.948900     0.000000 -
  217   234    84     5    12.383500     0.000000 -
  221   224    85     6    13.718200     0.000000 -
  221   225    86     6    25.050400     0.000000 -
  186   187    87     5     5.823310     0.000000 -
  186   188    88     5    11.310200     0.000000 -
  177   178    89     5    10.351000     0.000000 -
  177   179    90     5    14.540300     0.000000 -
   29    47    91     5    14.512800     0.000000 -
   29    48    92     5    25.325300     0.000000 -
   30    49    93     5    10.544700     0.000000 -
   30    50    94     5     9.522160     0.000000 -
   31    51    95     6    15.153100     0.000000 -
   31    52    96     6    13.403500     0.000000 -
   33    53    97     6    26.838900     0.000000 -
   33    54    98     6    10.308900     0.000000 -
   34    55    99     6     9.625070     0.000000 -
   34    56   100     6    14.849000     0.000000 -
  253   254   101     6    20.941900     0.000000 -
  253   255   102     6    24.714300     0.000000 -
  262   263   103     6     9.076750     0.000000 -
  262   264   104     6    12.129900     0.000000 -
   35    57   105     6     8.818970     0.000000 -
   35    58   106     6    13.247500     0.000000 -
   36    59   107     6     6.794010     0.000000 -
   36    60   108     6     3.528450     0.000000 -
  432   435   109     7    10.835100     0.000000 -
  432   436   110     7     2.057920     0.000000 -
  438   439   111     8     1.881500     0.000000 -
  438   440   112     8    16.381400     0.000000 -
   37    61   113     5    16.111500     0.000000 -
   37    62   114     5     9.814140     0.000000 -
   38    63   115     5    12.599000     0.000000 -
   38    64   116     5     6.088110     0.000000 -
   39   244   117     5    10.931400     0.000000 -
   39    65   118     5    11.297400     0.000000 -
   40    66   119     5    17.996300     0.000000 -
   40    67   120     5    10.242000     0.000000 -
   41    68   121     6     2.474780     0.000000 -
   41    69   122     6    24.866100     0.000000 -
   42    70   123     6     7.166660     0.000000 -
   42    71   124     6    10.851300     0.000000 -
   44    72   125     6     8.223040     0.000000 -
   44    73   126     6    17.049600     0.000000 -
  284   285   127     7     7.775010     0.000000 -
  284   286   128     7    13.417200     0.000000 -
  304   305   129     7    11.314600     0.000000 -
  304   311   130     7     9.670900     0.000000 -
  453   455   131     7    16.173600     0.000000 -
  453   456   132     7    10.924900     0.000000 -
  454   457   133     7     8.267940     0.000000 -
  454   458   134     7     4.742260     0.000000 -
  204   211   135     8    17.499800     0.000000 -
  204   215   136     8    15.714000     0.000000 -
  201   206   137     7     5.607710     0.000000 -
  201   207   138     7    15.714700     0.000000 -
  202   208   139     7    18.425900     0.000000 -
  202   212   140     7    40.127900     0.000000 -
   45    74   141     5    13.524200     0.000000 -
   45    75   142     5    13.925300     0.000000 -
   46    76   143     5    13.941200     0.000000 -
   46    77   144     5    21.781300     0.000000 -
  219   222   145     6    34.869800     0.000000 -
  219   223   146     6    11.109700     0.000000 -
  234   235   147     6     7.647750     0.000000 -
  234   236   148     5    12.235600     0.000000 -
  224   230   149     7     6.087010     0.000000 -
  224   231   150     7     7.559200     0.000000 -
  178   180   151     6    21.358400     0.000000 -
  178   181   152     6     4.240150     0.000000 -
  179   182   153     6    15.379100     0.000000 -
  179   183   154     6    13.898900     0.000000 -
   47    78   155     6    11.902100     0.000000 -
   47    79   156     6     4.759410     0.000000 -
   49    80   157     6    17.425000     0.000000 -
   49    81   158     6    14.183700     0.000000 -
   50   122   159     6    29.881700     0.000000 -
   50    82   160     6    10.977700     0.000000 -
   54    83   161     7     1.677900     0.000000 -
   54    84   162     7    19.178000     0.000000 -
   55    85   163     7     4.854650     0.000000 -
   55    86   164     7    10.432500     0.000000 -
   56    87   165     7     1.797700     0.000000 -
   56    88   166     7     7.932000     0.000000 -
   56    89   167     7     5.459880     0.000000 -
  255   257   168     7    17.195200     0.000000 -
  255   258   169     7    10.475600     0.000000 -
  263   265   170     7     6.361470     0.000000 -
  263   266   171     7    12.806000     0.000000 -
   58    90   172     7     8.390140     0.000000 -
   58    91   173     7    10.954600     0.000000 -
   59    92   174     7     9.369020     0.000000 -
   59    93   175     7    14.143900     0.000000 -
   60    94   176     7    21.231500     0.000000 -
   60    95   177     7     5.588290     0.000000 -
  440   441   178     9    11.438700     0.000000 -
  440   442   179     9     1.295720     0.000000 -
   61    96   180     6     5.728820     0.000000 -
   61    97   181     6    12.017500     0.000000 -
   62    98   182     6     8.491730     0.000000 -
   62    99   183     6    10.125400     0.000000 -
   63   100   184     6     7.531550     0.000000 -
   63   138   185     6     7.466620     0.000000 -
   64   101   186     6     1.000000     0.000000 -
   64   139   187     6    13.327800     0.000000 -
  244   245   188     6     8.284800     0.000000 -
  244   246   189     6    19.607300     0.000000 -
   65   102   190     6    14.269800     0.000000 -
   65   103   191     6    12.922100     0.000000 -
   66   143   192     6     5.360060     0.000000 -
   66   104   193     6     9.164590     0.000000 -
   67   105   194     6     7.037580     0.000000 -
   67   106   195     6     5.682940     0.000000 -
   68   107   196     7    14.008500     0.000000 -
   68   108   197     7     1.527860     0.000000 -
   70   109   198     7     9.318070     0.000000 -
   70   110   199     7     2.725520     0.000000 -
   71   111   200     7     8.710550     0.000000 -
   71   112   201     7    10.330300     0.000000 -
   72   113   202     7     7.486050     0.000000 -
   72   152   203     7    17.565300     0.000000 -
  285   287   204     8     5.711020     0.000000 -
  285   288   205     8    22.816200     0.000000 -
  305   518   206     8     4.277550     0.000000 -
  305   306   207     8    11.440400     0.000000 -
  311   312   208     8    13.755800     0.000000 -
  311   523   209     8     7.817690     0.000000 -
   74   114   210     6     7.468270     0.000000 -
   74   115   211     6     3.749810     0.000000 -
   76   116   212     6    13.227900     0.000000 -
   76   117   213     6    15.893100     0.000000 -
  222   226   214     7     6.066050     0.000000 -
  222   227   215     7     4.004880     0.000000 -
  223   228   216     7     2.379310     0.000000 -
  223   229   217     7     5.104470     0.000000 -
  235   317   218     5    11.079600     0.000000 -
  235   243   219     5    17.501900     0.000000 -
  236   237   220     6    13.483800     0.000000 -
  236   238   221     6    32.094100     0.000000 -
  181   184   222     7     1.593750     0.000000 -
  181   185   223     7    11.743000     0.000000 -
   78   118   224     7    25.174500     0.000000 -
   78   119   225     7    12.236200     0.000000 -
   79   120   226     7     1.295720     0.000000 -
   79   121   227     7     9.397700     0.000000 -
  257   260   228     8    18.072500     0.000000 -
  257   261   229     8    29.461800     0.000000 -
  265   269   230     8    12.639600     0.000000 -
  265   270   231     8     5.420600     0.000000 -
  266   271   232     8     8.056560     0.000000 -
  266   272   233     8     9.529220     0.000000 -
   90   123   234     8     2.785920     0.000000 -
   91   124   235     8     2.798210     0.000000 -
   91   125   236     8     3.923030     0.000000 -
   93   126   237     8     1.295720     0.000000 -
   93   127   238     8     5.054240     0.000000 -
  441   443   239    10     5.359590     0.000000 -
  441   444   240    10     1.881500     0.000000 -
   96   128   241     7     7.223750     0.000000 -
   96   129   242     7     5.374000     0.000000 -
   97   130   243     7     1.295720     0.000000 -
   97   131   244     7    11.891000     0.000000 -
   98   132   245     7    13.194500     0.000000 -
   98   133   246     7     4.781320     0.000000 -
   99   134   247     7     2.519940     0.000000 -
   99   135   248     7     1.500000     0.000000 -
  100   136   249     7     1.593750     0.000000 -
  100   137   250     7     5.641640     0.000000 -
  246   249   251     7    15.750200     0.000000 -
  246   250   252     7    18.607700     0.000000 -
  102   140   253     7    16.180300     0.000000 -
  102   141   254     7    14.533700     0.000000 -
  103   142   255     7     8.037260     0.000000 -
  103   163   256     7    29.906300     0.000000 -
  104   144   257     7     5.894960     0.000000 -
  104   145   258     7     9.081680     0.000000 -
  105   146   259     7     6.062200     0.000000 -
  105   147   260     7    12.000900     0.000000 -
  106   148   261     7     2.188620     0.000000 -
  106   149   262     7     3.567340     0.000000 -
  113   150   263     8     6.485860     0.000000 -
  113   151   264     8     4.107940     0.000000 -
  212   213   265     8     1.828470     0.000000 -
  212   214   266     8    12.201300     0.000000 -
  114   153   267     7    19.281700     0.000000 -
  114   170   268     7    14.189900     0.000000 -
  116   154   269     7     1.797700     0.000000 -
  116   155   270     7     9.536490     0.000000 -
  117   156   271     7     4.760940     0.000000 -
  117   157   272     7     5.099770     0.000000 -
  317   324   273     6    19.745600     0.000000 -
  317   318   274     6    15.853900     0.000000 -
  243   349   275     6     4.764770     0.000000 -
  243   335   276     6    11.182800     0.000000 -
  237   239   277     7    15.402000     0.000000 -
  237   240   278     7    21.487000     0.000000 -
  238   242   279     7    20.597300     0.000000 -
  238   241   280     7    33.278900     0.000000 -
  231   232   281     8     3.641680     0.000000 -
  231   233   282     8    25.501000     0.000000 -
  269   273   283     9     3.872870     0.000000 -
  269   274   284     9     9.337370     0.000000 -
  270   275   285     9    15.607800     0.000000 -
  270   276   286     9     4.815720     0.000000 -
  271   277   287     9    19.490100     0.000000 -
  271   278   288     9    12.178200     0.000000 -
   90   158   289     8     2.444810     0.000000 -
  443   445   290    11     5.962670     0.000000 -
  443   446   291    11     1.401780     0.000000 -
  139   159   292     7     3.628510     0.000000 -
  139   160   293     7    27.859300     0.000000 -
  249   251   294     8     4.198290     0.000000 -
  249   252   295     8     2.785920     0.000000 -
  142   161   296     8     2.822250     0.000000 -
  142   162   297     8     8.115620     0.000000 -
  144   164   298     8     1.295720     0.000000 -
  144   165   299     8     3.371180     0.000000 -
  152   166   300     8    10.301800     0.000000 -
  152   167   301     8    22.038500     0.000000 -
  153   168   302     8     3.380850     0.000000 -
  153   169   303     8     3.704680     0.000000 -
  324   325   304     7     9.848140     0.000000 -
  324   328   305     7    13.585200     0.000000 -
  318   479   306     7     5.255090     0.000000 -
  318   319   307     7     7.909440     0.000000 -
  349   350   308     7    17.179900     0.000000 -
  349   370   309     7    13.384200     0.000000 -
  337   340   310     9    14.229100     0.000000 -
  337   345   311     9     8.322170     0.000000 -
  273   279   312    10     7.409210     0.000000 -
  273   280   313    10    10.267200     0.000000 -
  274   281   314    10     1.593750     0.000000 -
  274   282   315    10     7.675450     0.000000 -
  269   283   316     9     3.396490     0.000000 -
  163   171   317     8     7.611780     0.000000 -
  163   172   318     8     2.626220     0.000000 -
  167   173   319     9     4.171260     0.000000 -
  167   174   320     9     8.469770     0.000000 -
  479   480   321     8    14.538800     0.000000 -
  479   481   322     8    14.724400     0.000000 -
  350   351   323     8     7.963100     0.000000 -
  350   353   324     8    11.494300     0.000000 -
  370   371   325     8    13.686500     0.000000 -
  370   372   326     8    14.628900     0.000000 -
  163   175   327     8     5.586410     0.000000 -
  480   482   328     9     6.708410     0.000000 -
  480   483   329     9    19.779200     0.000000 -
  481   484   330     9    13.382700     0.000000 -
  481   485   331     9     5.617310     0.000000 -
  504   506   332    10    12.180500     0.000000 -
  504   505   333    10    11.457600     0.000000 -
  353   354   334     9     6.773750     0.000000 -
  353   355   335     9     9.610870     0.000000 -
  371   373   336     9    21.464700     0.000000 -
  371   374   337     9     9.831640     0.000000 -
  386   387   338    10    10.184100     0.000000 -
  386   388   339    10    15.815500     0.000000 -
  190   193   340     7     2.945320     0.000000 -
  190   194   341     7     6.325940     0.000000 -
  187   189   342     6     2.271610     0.000000 -
  187   190   343     6    10.689000     0.000000 -
  192   195   344     7     2.236470     0.000000 -
  192   196   345     7     7.092760     0.000000 -
  188   191   346     6     4.958800     0.000000 -
  188   192   347     6     5.514980     0.000000 -
  200   204   348     7     9.499440     0.000000 -
  200   205   349     7     5.313320     0.000000 -
  203   209   350     7     4.794020     0.000000 -
  203   210   351     7     4.083060     0.000000 -
  218   220   352     5     4.826100     0.000000 -
  218   221   353     5    12.145100     0.000000 -
  335   336   354     7     8.954600     0.000000 -
  335   339   355     7    13.536900     0.000000 -
  339   342   356     8     1.677900     0.000000 -
  339   343   357     8     4.825230     0.000000 -
  336   337   358     8    14.079400     0.000000 -
  336   338   359     8     4.439140     0.000000 -
  245   247   360     7    15.301900     0.000000 -
  245   248   361     7     3.986440     0.000000 -
  254   256   362     7     9.436870     0.000000 -
  254   259   363     7    11.537100     0.000000 -
  264   267   364     7     2.737590     0.000000 -
  264   268   365     7    24.565500     0.000000 -
  455   459   366     8    17.220200     0.000000 -
  455   460   367     8     4.843340     0.000000 -
  459   467   368     9     3.755230     0.000000 -
  459   468   369     9     9.261090     0.000000 -
  468   472   370    10     1.797700     0.000000 -
  468   473   371    10     2.027860     0.000000 -
  456   461   372     8    19.875100     0.000000 -
  456   462   373     8     3.436420     0.000000 -
  461   469   374     9     5.519770     0.000000 -
  461   470   375     9     5.933540     0.000000 -
  470   474   376    10     4.714770     0.000000 -
  470   475   377    10     1.881500     0.000000 -
  474   477   378    11    13.071000     0.000000 -
  474   478   379    11     1.870430     0.000000 -
  457   463   380     8     1.797700     0.000000 -
  457   464   381     8    11.442800     0.000000 -
  464   471   382     9     1.677900     0.000000 -
  464   476   383     9    13.774700     0.000000 -
  458   465   384     8     1.983970     0.000000 -
  458   466   385     8     4.849910     0.000000 -
  287   290   386     9     6.210580     0.000000 -
  287   291   387     9     1.870430     0.000000 -
  290   297   388    10     4.026900     0.000000 -
  290   298   389    10     9.746960     0.000000 -
  288   292   390     9     6.733580     0.000000 -
  288   293   391     9     1.797700     0.000000 -
  292   513   392    10     8.422180     0.000000 -
  292   299   393    10     4.589160     0.000000 -
  513   514   394    11    20.229100     0.000000 -
  513   515   395    11    10.245400     0.000000 -
  515   516   396    12     3.087110     0.000000 -
  515   517   397    12    10.942600     0.000000 -
  286   289   398     8    24.493500     0.000000 -
  286   296   399     8     9.370900     0.000000 -
  289   294   400     9     8.001130     0.000000 -
  289   295   401     9     4.044460     0.000000 -
  294   300   402    10    12.107800     0.000000 -
  294   301   403    10     2.987310     0.000000 -
  300   302   404    11     8.123680     0.000000 -
  300   303   405    11     2.990550     0.000000 -
  518   519   406     9    13.142200     0.000000 -
  518   520   407     9     6.345260     0.000000 -
  306   307   408     9     5.858180     0.000000 -
  306   308   409     9    11.108900     0.000000 -
  308   309   410    10     2.442350     0.000000 -
  308   310   411    10     4.523700     0.000000 -
  312   313   412     9    21.617000     0.000000 -
  312   314   413     9    12.656100     0.000000 -
  314   316   414    10    10.068400     0.000000 -
  314   315   415    10     1.677900     0.000000 -
  523   524   416     9    14.241700     0.000000 -
  523   525   417     9     5.134560     0.000000 -
  482   486   418    10     3.371180     0.000000 -
  482   487   419    10     9.655210     0.000000 -
  487   492   420    11     4.753140     0.000000 -
  487   493   421    11    10.316400     0.000000 -
  493   501   422    12     7.628930     0.000000 -
  493   500   423    12     4.672130     0.000000 -
  483   488   424    10     3.050120     0.000000 -
  483   494   425    10    22.211100     0.000000 -
  485   497   426    10     5.670010     0.000000 -
  485   491   427    10     3.002770     0.000000 -
  484   489   428    10     9.346030     0.000000 -
  484   490   429    10    15.284800     0.000000 -
  489   495   430    11    10.176800     0.000000 -
  489   496   431    11     2.027860     0.000000 -
  497   502   432    11     3.263440     0.000000 -
  497   503   433    11     3.401040     0.000000 -
  319   320   434     8     5.544950     0.000000 -
  319   321   435     8     6.974310     0.000000 -
  321   322   436     9     8.962710     0.000000 -
  321   323   437     9     5.882700     0.000000 -
  325   326   438     8    10.476100     0.000000 -
  325   327   439     8    19.807300     0.000000 -
  328   329   440     8     9.071730     0.000000 -
  328   330   441     8    13.074900     0.000000 -
  329   331   442     9    15.851000     0.000000 -
  329   332   443     9     2.677860     0.000000 -
  330   333   444     9     9.967560     0.000000 -
  330   334   445     9     4.432240     0.000000 -
  337   341   446     9     4.707530     0.000000 -
  340   344   447    10     2.737590     0.000000 -
  340   346   448    10     7.251270     0.000000 -
  345   347   449    10     2.805660     0.000000 -
  345   348   450    10     6.747680     0.000000 -
  351   504   451     9     2.057920     0.000000 -
  351   352   452     9    16.013400     0.000000 -
  509   512   453    12    19.559100     0.000000 -
  509   511   454    12    12.596100     0.000000 -
  505   507   455    11    12.340500     0.000000 -
  505   508   456    11     8.295600     0.000000 -
  354   356   457    10     4.777550     0.000000 -
  354   357   458    10     7.264250     0.000000 -
  355   358   459    10     7.714560     0.000000 -
  355   359   460    10     5.409420     0.000000 -
  358   360   461    11     5.368670     0.000000 -
  358   361   462    11     6.366190     0.000000 -
  360   364   463    12     4.330610     0.000000 -
  360   365   464    12    14.667800     0.000000 -
  365   367   465    13     3.322710     0.000000 -
  365   368   466    13     7.718790     0.000000 -
  361   366   467    12     4.086120     0.000000 -
  361   369   468    12    12.973300     0.000000 -
  359   362   469    11     2.747560     0.000000 -
  359   363   470    11     2.594580     0.000000 -
  373   376   471    10     2.379310     0.000000 -
  373   377   472    10     4.277550     0.000000 -
  374   378   473    10     2.162840     0.000000 -
  374   379   474    10    14.253000     0.000000 -
  379   382   475    11    10.862500     0.000000 -
  379   383   476    11    13.277300     0.000000 -
  383   384   477    12     2.781560     0.000000 -
  383   385   478    12     3.922020     0.000000 -
  372   375   479     9     6.981130     0.000000 -
  372   386   480     9     7.256130     0.000000 -
  375   380   481    10     3.598340     0.000000 -
  375   381   482    10     3.895470     0.000000 -
  387   389   483    11     3.822290     0.000000 -
  387   390   484    11    14.965200     0.000000 -
  388   391   485    11     2.586530     0.000000 -
  388   392   486    11     7.402020     0.000000 -
  396   399   487     6    10.011000     0.000000 -
  396   400   488     6     6.780050     0.000000 -
  399   405   489     7     2.760750     0.000000 -
  399   411   490     7     9.341830     0.000000 -
  411   416   491     8    11.869200     0.000000 -
  411   417   492     8    11.623300     0.000000 -
  400   406   493     7    10.038300     0.000000 -
  400   407   494     7     3.043710     0.000000 -
  406   412   495     8    20.827100     0.000000 -
  406   413   496     8     2.892720     0.000000 -
  401   408   497     7    24.722100     0.000000 -
  401   409   498     7     2.776600     0.000000 -
  410   414   499     7     6.735880     0.000000 -
  410   415   500     7    21.626600     0.000000 -
  395   402   501     5    19.749800     0.000000 -
  395   398   502     5    12.448600     0.000000 -
  398   403   503     6     3.572380     0.000000 -
  398   404   504     6     2.942270     0.000000 -
  419   421   505     6     1.797700     0.000000 -
  419   422   506     6     6.655980     0.000000 -
  420   423   507     6    10.363800     0.000000 -
  420   424   508     6     4.884130     0.000000 -
  423   426   509     7    16.858800     0.000000 -
  423   425   510     7     3.713420     0.000000 -
  426   427   511     8     8.904950     0.000000 -
  426   428   512     8     1.677900     0.000000 -
  431   437   513     6    15.377500     0.000000 -
  431   434   514     6     6.100340     0.000000 -
  447   448   515     8     7.016470     0.000000 -
  447   449   516     8    25.884500     0.000000 -
  449   450   517     9    20.640300     0.000000 -
  449   451   518     9     4.370520     0.000000 -
  491   498   519    11     3.788740     0.000000 -
  491   499   520    11     2.379310     0.000000 -
  506   509   521    11     2.760750     0.000000 -
  506   510   522    11     4.189170     0.000000 -
  519   521   523    10     2.618650     0.000000 -
  519   522   524    10     3.537580     0.000000 -
  524   526   525    10     4.877060     0.000000 -
  524   527   526    10     2.408400     0.000000 -
