Title="NZL00306_IN1_Central_1D_withDiameter"
Vertex = "x","y","z","bpName"
Link = "bp0","bp1", "id","generation","length","diameter", "name","InArea","OutArea","InPeri","OutPeri"
N=444, E=443
       207.1875        213.5625             0.5 unnamed
      202.40625      249.421875           108.5 unnamed
       239.0625      246.234375           138.5 unnamed
     252.609375      238.265625             136 unnamed
      250.21875       253.40625           149.5 unnamed
     177.703125        251.8125           124.5 unnamed
      256.59375      235.078125             128 unnamed
      256.59375      254.203125           162.5 unnamed
     255.796875        264.5625             147 unnamed
      164.15625       250.21875             154 unnamed
     156.984375      251.015625           114.5 unnamed
     258.984375      225.515625           121.5 unnamed
        261.375          242.25           119.5 unnamed
        261.375      258.984375             169 unnamed
     262.171875      246.234375             175 unnamed
            255       266.15625           146.5 unnamed
      262.96875      273.328125             147 unnamed
      154.59375        258.1875             113 unnamed
       156.1875      249.421875           113.5 unnamed
     262.171875      222.328125           120.5 unnamed
            255       218.34375             114 unnamed
     266.953125      247.828125           115.5 unnamed
       264.5625      268.546875             180 unnamed
      269.34375        258.1875             173 unnamed
      269.34375       240.65625             181 unnamed
     262.171875      243.046875             189 unnamed
            255      274.921875           149.5 unnamed
      256.59375      278.109375           137.5 unnamed
     265.359375      292.453125           148.5 unnamed
     274.921875       285.28125           142.5 unnamed
     149.015625        232.6875             163 unnamed
       156.1875      268.546875           107.5 unnamed
     149.015625       240.65625           113.5 unnamed
       264.5625      214.359375             121 unnamed
       277.3125       221.53125           111.5 unnamed
      247.03125      184.078125             108 unnamed
      256.59375          216.75             105 unnamed
     281.296875      278.109375             100 unnamed
     276.515625         248.625           115.5 unnamed
     295.640625      252.609375             194 unnamed
      278.90625       262.96875             170 unnamed
      272.53125      236.671875             180 unnamed
     279.703125      233.484375           189.5 unnamed
       270.9375      233.484375             205 unnamed
      262.96875      246.234375             202 unnamed
        146.625        226.3125           164.5 unnamed
      157.78125      278.109375             109 unnamed
     156.984375       275.71875             101 unnamed
     141.046875       272.53125             114 unnamed
      266.15625      182.484375           130.5 unnamed
       264.5625       215.15625             122 unnamed
     254.203125      214.359375            96.5 unnamed
      262.96875        213.5625            92.5 unnamed
      285.28125      251.015625             118 unnamed
     282.890625      247.828125             110 unnamed
      301.21875        251.8125           195.5 unnamed
       296.4375        251.8125             197 unnamed
     290.859375      260.578125             169 unnamed
          280.5       266.15625             168 unnamed
      294.84375           229.5           194.5 unnamed
     284.484375      228.703125           195.5 unnamed
     137.859375       205.59375           179.5 unnamed
     141.046875        207.1875           165.5 unnamed
      154.59375        290.0625             107 unnamed
        159.375       282.09375             110 unnamed
      154.59375       278.90625            97.5 unnamed
     160.171875      281.296875            96.5 unnamed
     262.171875      212.765625            90.5 unnamed
     265.359375      212.765625            91.5 unnamed
      294.84375      252.609375             197 unnamed
        299.625      251.015625           201.5 unnamed
     282.890625       269.34375             165 unnamed
     281.296875          267.75           168.5 unnamed
       283.6875       227.90625           196.5 unnamed
        286.875      227.109375           196.5 unnamed
     128.296875        188.0625           191.5 unnamed
       137.0625        200.8125           188.5 unnamed
      141.84375        194.4375             169 unnamed
      135.46875       199.21875           164.5 unnamed
     109.171875      172.921875           207.5 unnamed
     126.703125        175.3125           197.5 unnamed
     136.265625      196.828125             192 unnamed
      138.65625      203.203125           191.5 unnamed
     149.015625         159.375             175 unnamed
      141.84375      184.078125             176 unnamed
     126.703125      192.046875           168.5 unnamed
     129.890625      192.046875           161.5 unnamed
     142.640625         184.875           177.5 unnamed
      141.84375       180.09375           179.5 unnamed
       124.3125      179.296875           160.5 unnamed
     126.703125      192.046875           159.5 unnamed
       143.4375      180.890625           179.5 unnamed
       143.4375      161.765625           192.5 unnamed
     152.203125      251.015625              99 unnamed
     153.796875      251.015625              95 unnamed
      151.40625      247.828125            85.5 unnamed
     155.390625        258.1875            82.5 unnamed
      148.21875       247.03125              52 unnamed
     152.203125       243.84375            80.5 unnamed
     152.203125      265.359375              70 unnamed
     160.171875         261.375              75 unnamed
     260.578125       247.03125           104.5 unnamed
        261.375      246.234375            94.5 unnamed
        261.375      255.796875              96 unnamed
     257.390625      247.828125              83 unnamed
         267.75      244.640625              83 unnamed
     260.578125      262.171875            92.5 unnamed
     266.953125      263.765625              81 unnamed
      253.40625      249.421875            77.5 unnamed
      256.59375      251.015625              58 unnamed
      275.71875      243.046875              79 unnamed
        274.125      247.828125            55.5 unnamed
       258.1875        264.5625            91.5 unnamed
     260.578125      263.765625            91.5 unnamed
     265.359375        264.5625            79.5 unnamed
      272.53125      268.546875              75 unnamed
       258.1875      251.015625              58 unnamed
     255.796875      249.421875              55 unnamed
         267.75      271.734375            67.5 unnamed
     263.765625      263.765625              80 unnamed
     281.296875      268.546875              73 unnamed
     271.734375      270.140625              74 unnamed
     142.640625             255            91.5 unnamed
      135.46875       253.40625            82.5 unnamed
     133.078125      266.953125            83.5 unnamed
     131.484375      254.203125            82.5 unnamed
     134.671875      252.609375              81 unnamed
     133.078125      268.546875              82 unnamed
      132.28125      268.546875              84 unnamed
       162.5625       253.40625             156 unnamed
       156.1875       256.59375             168 unnamed
     158.578125       253.40625             172 unnamed
      154.59375      258.984375           170.5 unnamed
     161.765625        251.8125             171 unnamed
     153.796875        270.9375           173.5 unnamed
     152.203125       247.03125           192.5 unnamed
     149.015625      295.640625           173.5 unnamed
     163.359375         286.875           179.5 unnamed
     144.234375       240.65625           200.5 unnamed
     150.609375       247.03125           205.5 unnamed
     145.828125       234.28125             202 unnamed
     136.265625      236.671875             210 unnamed
     145.828125       250.21875             210 unnamed
      154.59375      243.046875             217 unnamed
        146.625         223.125             110 unnamed
      141.84375      238.265625           111.5 unnamed
        133.875      236.671875             105 unnamed
       130.6875      233.484375           101.5 unnamed
     131.484375      233.484375           100.5 unnamed
      122.71875      227.109375            96.5 unnamed
     121.921875       227.90625            95.5 unnamed
     120.328125      223.921875            96.5 unnamed
        133.875      235.078125             115 unnamed
      129.09375       231.09375           117.5 unnamed
     129.890625      230.296875           119.5 unnamed
        108.375        219.9375             120 unnamed
      129.09375      238.265625             118 unnamed
       130.6875       240.65625             120 unnamed
     120.328125       240.65625             119 unnamed
      119.53125          242.25             118 unnamed
       111.5625      244.640625             120 unnamed
     141.046875      233.484375           164.5 unnamed
     131.484375      223.921875             171 unnamed
      122.71875       218.34375           176.5 unnamed
     117.140625       218.34375           176.5 unnamed
      116.34375       218.34375           174.5 unnamed
     104.390625      215.953125             180 unnamed
      113.15625         210.375             183 unnamed
     102.796875      214.359375           178.5 unnamed
         95.625      217.546875           182.5 unnamed
      100.40625        200.8125           190.5 unnamed
     112.359375      209.578125             187 unnamed
       94.03125         197.625             195 unnamed
      96.421875      196.828125           191.5 unnamed
      132.28125        226.3125             174 unnamed
      135.46875      223.921875           179.5 unnamed
       137.0625      223.921875             181 unnamed
     133.078125      222.328125           182.5 unnamed
      129.09375      228.703125           176.5 unnamed
      129.09375      231.890625           175.5 unnamed
     120.328125           229.5             180 unnamed
     117.140625      228.703125           181.5 unnamed
      119.53125        232.6875           179.5 unnamed
     129.890625       234.28125             162 unnamed
       124.3125       240.65625             161 unnamed
     120.328125      244.640625             158 unnamed
      119.53125      243.046875             163 unnamed
      122.71875        245.4375             157 unnamed
       117.9375       247.03125           156.5 unnamed
      106.78125      246.234375           165.5 unnamed
     120.328125       247.03125           163.5 unnamed
     105.984375      255.796875             153 unnamed
     118.734375         248.625             155 unnamed
     125.109375        232.6875             160 unnamed
     125.109375      228.703125           155.5 unnamed
     160.171875        264.5625           155.5 unnamed
      151.40625       275.71875             152 unnamed
      148.21875      289.265625             149 unnamed
      145.03125      276.515625           150.5 unnamed
       149.8125       298.03125           150.5 unnamed
       143.4375      300.421875             144 unnamed
     141.046875       278.90625             150 unnamed
     144.234375      274.921875             149 unnamed
     149.015625      297.234375           152.5 unnamed
      151.40625      314.765625             153 unnamed
       137.0625      305.203125           142.5 unnamed
     144.234375      309.984375           139.5 unnamed
      129.09375       282.09375           146.5 unnamed
      138.65625      281.296875           151.5 unnamed
     129.890625      290.859375             153 unnamed
      138.65625           280.5           153.5 unnamed
     163.359375          267.75           154.5 unnamed
     168.140625      270.140625           156.5 unnamed
      173.71875       269.34375             156 unnamed
     169.734375      271.734375           157.5 unnamed
     176.109375      271.734375           164.5 unnamed
     172.921875      282.890625             161 unnamed
      164.15625       278.90625           147.5 unnamed
      164.15625      287.671875           145.5 unnamed
     166.546875      279.703125           143.5 unnamed
     164.953125       301.21875           138.5 unnamed
     166.546875       298.03125           145.5 unnamed
     169.734375           280.5           141.5 unnamed
         165.75      278.109375             142 unnamed
     169.734375       278.90625             141 unnamed
     172.921875        283.6875             140 unnamed
      148.21875      260.578125           179.5 unnamed
        146.625      263.765625             185 unnamed
     137.859375      258.984375             185 unnamed
          127.5      263.765625           186.5 unnamed
         114.75      249.421875           202.5 unnamed
       117.9375       275.71875           182.5 unnamed
      113.15625        264.5625           189.5 unnamed
      91.640625      251.015625           213.5 unnamed
         95.625        239.0625           213.5 unnamed
     105.984375       262.96875           189.5 unnamed
      106.78125      268.546875             192 unnamed
      138.65625       269.34375             191 unnamed
     128.296875        270.9375             201 unnamed
     126.703125      278.109375           200.5 unnamed
     123.515625       272.53125           204.5 unnamed
     123.515625           280.5             200 unnamed
     126.703125      282.890625           204.5 unnamed
      116.34375       275.71875             214 unnamed
     112.359375           280.5           208.5 unnamed
      129.09375      284.484375           204.5 unnamed
       124.3125      284.484375           205.5 unnamed
        108.375        283.6875           221.5 unnamed
     117.140625       272.53125             217 unnamed
     102.796875        296.4375             214 unnamed
      106.78125       278.90625             211 unnamed
      100.40625      284.484375           227.5 unnamed
     104.390625      290.859375             225 unnamed
     113.953125      270.140625           220.5 unnamed
      119.53125        270.9375           218.5 unnamed
     104.390625       275.71875           212.5 unnamed
      99.609375       285.28125           214.5 unnamed
            102      297.234375             229 unnamed
     107.578125          293.25             226 unnamed
     112.359375      265.359375           221.5 unnamed
      113.15625      273.328125             226 unnamed
        98.8125        283.6875             214 unnamed
      96.421875         286.875           216.5 unnamed
     131.484375      287.671875             193 unnamed
      129.09375      298.828125           195.5 unnamed
     128.296875          293.25             192 unnamed
     123.515625       307.59375             200 unnamed
     120.328125         299.625             192 unnamed
       124.3125       304.40625           188.5 unnamed
      129.09375       317.15625             197 unnamed
     147.421875      274.921875           196.5 unnamed
        146.625      278.109375             201 unnamed
         140.25      287.671875             207 unnamed
     134.671875       294.84375             217 unnamed
       130.6875         299.625           220.5 unnamed
     131.484375      292.453125             223 unnamed
     125.109375             306           222.5 unnamed
          127.5      314.765625             229 unnamed
     123.515625       307.59375             222 unnamed
     120.328125      313.171875           227.5 unnamed
      138.65625      300.421875             211 unnamed
     133.078125          318.75             215 unnamed
      145.03125      322.734375           219.5 unnamed
          127.5         325.125           217.5 unnamed
     134.671875         325.125           214.5 unnamed
     152.203125      282.890625           214.5 unnamed
     150.609375       291.65625           223.5 unnamed
       149.8125        296.4375             227 unnamed
     153.796875        290.0625           228.5 unnamed
     152.203125      305.203125             230 unnamed
      145.03125       301.21875             231 unnamed
     150.609375       288.46875           230.5 unnamed
     161.765625      298.828125           237.5 unnamed
      154.59375        309.1875             233 unnamed
        146.625        328.3125             239 unnamed
     155.390625      316.359375             238 unnamed
     156.984375      309.984375             233 unnamed
     160.171875      281.296875             219 unnamed
     163.359375       288.46875           221.5 unnamed
      160.96875           280.5             220 unnamed
     166.546875       272.53125           219.5 unnamed
      167.34375        277.3125           229.5 unnamed
      170.53125      271.734375           217.5 unnamed
       168.9375          267.75             221 unnamed
       168.9375        277.3125           232.5 unnamed
     168.140625       278.90625             230 unnamed
     263.765625      228.703125           145.5 unnamed
       270.9375      220.734375           147.5 unnamed
     270.140625       218.34375           161.5 unnamed
     279.703125      222.328125           147.5 unnamed
      278.90625      203.203125           152.5 unnamed
     274.921875       211.96875             168 unnamed
      266.15625       215.15625           165.5 unnamed
     286.078125      220.734375           150.5 unnamed
       283.6875       224.71875             145 unnamed
      285.28125        200.8125           152.5 unnamed
     278.109375        194.4375             156 unnamed
     279.703125      207.984375             171 unnamed
       277.3125      204.796875             177 unnamed
     262.171875      217.546875             172 unnamed
     266.953125         210.375           166.5 unnamed
      294.84375      219.140625             153 unnamed
     284.484375      220.734375           151.5 unnamed
     289.265625      225.515625             143 unnamed
     282.890625      227.109375           143.5 unnamed
         293.25      196.828125             153 unnamed
     286.078125       202.40625             152 unnamed
     276.515625        194.4375             156 unnamed
     279.703125        188.0625             158 unnamed
      288.46875      196.828125           179.5 unnamed
     287.671875      207.984375           173.5 unnamed
       277.3125       202.40625           176.5 unnamed
      282.09375        194.4375             191 unnamed
     298.828125          216.75             153 unnamed
     303.609375      217.546875             157 unnamed
     297.234375           229.5           142.5 unnamed
       302.8125       221.53125             135 unnamed
      285.28125      174.515625             165 unnamed
     279.703125      180.890625             158 unnamed
     295.640625       192.84375           181.5 unnamed
     297.234375       173.71875             197 unnamed
     281.296875        194.4375             194 unnamed
        286.875      188.859375           195.5 unnamed
        299.625      190.453125             180 unnamed
     297.234375        168.9375             198 unnamed
     298.828125      172.921875           200.5 unnamed
     308.390625         184.875           190.5 unnamed
     271.734375        270.9375             186 unnamed
        286.875      287.671875           190.5 unnamed
      285.28125       275.71875             204 unnamed
         293.25      292.453125           189.5 unnamed
      291.65625      292.453125           194.5 unnamed
         293.25      273.328125           211.5 unnamed
     294.046875      287.671875           214.5 unnamed
      301.21875         274.125             217 unnamed
     303.609375       294.84375           220.5 unnamed
      294.84375          293.25             220 unnamed
      313.96875      276.515625           226.5 unnamed
       302.8125       272.53125             216 unnamed
      298.03125       272.53125           222.5 unnamed
       315.5625             306             236 unnamed
     306.796875       298.03125           220.5 unnamed
     292.453125       294.84375             220 unnamed
     298.828125       307.59375           228.5 unnamed
      262.96875       275.71875           183.5 unnamed
     262.171875      281.296875             190 unnamed
     276.515625        302.8125           182.5 unnamed
     260.578125         286.875             191 unnamed
     265.359375       285.28125             201 unnamed
       277.3125             306           181.5 unnamed
      278.90625      308.390625             185 unnamed
     263.765625      298.828125           193.5 unnamed
     257.390625      289.265625           193.5 unnamed
      272.53125      294.046875             205 unnamed
       264.5625         286.875           207.5 unnamed
      262.96875      309.984375             191 unnamed
     266.953125      309.984375             200 unnamed
            255      294.046875           193.5 unnamed
      250.21875      289.265625           202.5 unnamed
     263.765625      284.484375             214 unnamed
      266.15625       298.03125           214.5 unnamed
     262.171875      282.890625           216.5 unnamed
      272.53125      313.171875             226 unnamed
     263.765625      303.609375             221 unnamed
      266.15625       278.90625             220 unnamed
            255      279.703125           221.5 unnamed
     268.546875        290.0625             220 unnamed
      262.96875      306.796875           226.5 unnamed
     262.171875             306           220.5 unnamed
      266.15625      276.515625           219.5 unnamed
     268.546875        277.3125           224.5 unnamed
       251.8125      282.890625             229 unnamed
     252.609375      273.328125           222.5 unnamed
     249.421875           280.5           229.5 unnamed
     251.015625      287.671875           232.5 unnamed
     145.828125      211.171875           100.5 unnamed
     141.046875       205.59375              96 unnamed
       149.8125      204.796875              95 unnamed
     134.671875       205.59375            86.5 unnamed
         140.25        200.8125            94.5 unnamed
     153.796875             204              92 unnamed
     150.609375         197.625              89 unnamed
       137.0625        194.4375              91 unnamed
     141.046875      198.421875            96.5 unnamed
     156.984375         184.875            85.5 unnamed
     150.609375         197.625            84.5 unnamed
     161.765625       180.09375              84 unnamed
     155.390625      182.484375              86 unnamed
      145.03125       208.78125           113.5 unnamed
      138.65625         197.625             114 unnamed
     147.421875             204             115 unnamed
     133.078125        194.4375           114.5 unnamed
         140.25       183.28125           116.5 unnamed
      148.21875        200.8125           119.5 unnamed
      151.40625      196.828125             114 unnamed
      132.28125      195.234375             117 unnamed
          127.5      190.453125             113 unnamed
     142.640625      174.515625             120 unnamed
      138.65625       176.90625             113 unnamed
     153.796875         197.625           113.5 unnamed
     158.578125      182.484375           111.5 unnamed
     123.515625       189.65625             109 unnamed
      116.34375      180.890625             117 unnamed
      141.84375      171.328125             122 unnamed
     150.609375      161.765625           122.5 unnamed
      160.96875        181.6875           113.5 unnamed
     166.546875      168.140625             109 unnamed
     129.890625        239.0625           104.5 unnamed
     115.546875          242.25           101.5 unnamed
       130.6875      241.453125             105 unnamed
         114.75      228.703125           158.5 unnamed
     105.984375      227.109375           153.5 unnamed
            102      227.109375             152 unnamed
     105.984375        226.3125           152.5 unnamed
     107.578125      223.921875           161.5 unnamed
     152.203125       285.28125           198.5 unnamed
     161.765625      297.234375             206 unnamed
     152.203125        296.4375           198.5 unnamed
       149.8125      297.234375             198 unnamed
      154.59375      308.390625             200 unnamed
      154.59375       310.78125             201 unnamed
       156.1875      309.984375             199 unnamed
     156.984375        315.5625             204 unnamed
     152.203125      321.140625             201 unnamed
    1    2    1    0   123.116    20.0538    Trachea    315.852    563.648    66.9826    88.1631
    2    3    2    1    49.646      12.58        LMB    124.294    241.498    42.0788    57.1096
    2    6    3    1   31.3792    12.6689        RMB    126.057     251.75    41.8129    57.8307
    3    4    4    2   16.3249    9.22727        LUL    66.8707    141.412    29.6148     42.974
    3    5    5    2   17.8373    8.85638       LLB6    61.6031    145.113    28.4981    43.4139
    4    7    6    3   9.84144     9.2554          -    67.2791    139.417    30.3877     43.067
    4  307    7    3   17.9724     6.9879      LB4+5    38.3516    93.3364    22.2618    34.6416
    5    8    8    3   15.9437    7.06583        LLB    39.2117    98.9243    22.6127     35.614
    5    9    9    3   13.0173    6.10569        LB6    29.2792    76.8883    20.2254    31.9859
    6   10   10    2   33.5794    12.7298    BronInt    127.272    232.571    44.1698    57.6128
    6   11   11    2   23.7709    8.45368        RUL    56.1282    122.438    29.8092    41.7515
    7   12   12    3   12.0238    6.81535        LB3     36.481     93.563    21.8619    34.7563
    7   13   13    3   12.5538    6.41685      LB1+2    32.3395    84.0852    20.9711    33.1817
  307  308   14    4   11.0158    4.82188        LB4    18.2609    53.5219    15.6716    26.9658
  307  309   15    4   20.5311    3.79444        LB5     11.308    35.9787    12.7736    22.3178
    8   14   16    4   9.85408     7.0785          -    39.3525      96.38    23.1041    35.7068
    8   15   17    4   16.2397    4.71268        LB8    17.4432    56.8106    15.1327    27.3659
    9   16   18    4   1.87043    4.45715      lb6_b    15.6029    40.9738    14.0026    22.6912
    9   17   19    4   11.6352    3.70289      lb6_a    10.7689    34.4867    12.2391    21.4795
   10  130   20    3   4.11584    11.2562          -     99.512    203.076    36.0571    51.1271
   10   31   21    3   25.3281    6.04745      RB4+5    28.7233    80.0434    20.9001    33.1077
   11   18   22    3   7.96846    6.01218        RB2    28.3892      78.65    19.3569    32.0589
   11   19   23    3   2.05792    6.17118          -    29.9107    65.2472    19.3873    28.6343
   12   20   24    4   4.62885    5.47513      lb3_a    23.5439    60.9215    17.7518    28.8666
   12   21   25    4   12.0767    5.02081      lb3_b    19.7987    61.8771      16.19    28.4387
   13  102   26    4   17.4588    4.87462        LB1    18.6626    51.4033    15.6399    25.9018
   13   22   27    4   8.88274    5.55464        LB2    24.2327    64.0147    17.6932    29.0788
  308  310   28    5   8.95026    3.60487      lb4_a    10.2063    30.1257    12.1561    20.0514
  308  311   29    5   20.1462    4.02056      lb4_b    12.6959    33.3266    13.2585    21.0772
  312  318   30    6   7.01941    3.11127          -    7.60265    22.2117    10.7909    18.0449
  312  319   31    6   12.5478    2.74625          -    5.92339    21.1747    9.20961    17.4861
   14   23   32    4   15.1813    5.93565       LB10    27.6711    77.5367     19.026    31.5793
   14   24   33    4   9.21704    5.56738        LB9     24.344    72.9589     17.693    30.6245
   15   25   34    5   11.0928    4.05704      lb8_a    12.9273    40.7576    13.9453    23.9149
   15   26   35    5   15.1617    4.14456      lb8_b    13.4911    38.3555    13.4229    22.5305
   16   27   36    5   9.28826    3.08291          -    7.46467    24.3218    10.2116    18.7667
   16   28   37    5   15.1465    2.76893          -    6.02161    20.0569    9.42076     17.084
   17   29   38    5   19.5579     2.3899          -     4.4859    11.8505    8.20269     12.749
   17   30   39    5   17.7861     2.2909          -    4.12194    13.8304    7.83629    14.4424
  130  196   40    3   12.1677    4.80084        RB6    18.1019    54.5348    15.6906    26.6529
  130  131   41    3   14.7808    6.66264       RLL7    34.8644    92.1031     21.148    34.2147
   18   32   42    4   11.9373    3.99852      rb2_b    12.5571    35.0301    13.1151    21.8322
   18   49   43    4   20.8541     4.0363      rb2_a    12.7955    35.7044    13.3898    21.6513
   19   94   44    3   15.5262    4.78818        RB1    18.0066    54.1195    15.4535    26.7128
   19   33   45    3    11.451    6.37321        RB3    31.9011    83.3288    20.2603    32.5631
   20   34   46    5   8.51081    3.77123          -    11.1701    36.2317    12.4524    21.8033
   20   35   47    5    18.255    2.68028          -    5.64222    17.3184    8.98191    16.2051
   21   36   48    5   36.5863    2.86517          -    6.44749    18.2204    9.51951    15.7436
   21   37   49    5   10.0206    4.04933          -    12.8782     38.916    13.1744    22.6399
  102  103   50    5   11.0289    4.12566      lb1_b    13.3683    36.3103    13.7984    22.0729
  102  104   51    5   12.4758    3.51779      lb1_a    9.71916    29.1011    11.5522    20.4046
   22   38   52    5   37.6507    2.95662      lb2_a    6.86562    21.4457    9.93996    17.4241
   22   39   53    5   10.0958    3.11415      lb2_b    7.61672    22.1197    10.4685    17.5815
  310  314   54    6   7.33908    3.07147          -    7.40941    24.2001    10.1521    18.0664
  310  315   55    6   5.30106     3.1111          -    7.60181    23.8861    10.6245    18.4499
  311  316   56    6   6.87053    2.32621          -    4.24999    12.5843    7.74793    13.0839
  311  317   57    6   9.84214    2.64011          -    5.47436    17.4909     8.8927     15.753
  330  340   58    8   8.60403    2.57392          -    5.20333    16.7774    8.67918    15.6697
  330  341   59    8   30.6184    2.07942          -    3.39605    10.5869     6.8981    11.9221
   23  365   60    5   8.28743    4.76244     lb10_b    17.8135    53.4948    15.6053    26.5975
   23  348   61    5   8.31499     5.4632     lb10_a    23.4414    62.8567     17.444    28.6996
   24   40   62    5   34.4729    3.83164      lb9_b    11.5308    31.4991    12.7628    20.4999
   24   41   63    5   11.1971    4.12581      lb9_a    13.3693    40.2906    13.4124    23.0785
   25   42   64    6   5.43994    2.50866          -    4.94281    23.8523    8.95626    19.3226
   25   43   65    6   15.3147    4.69514          -    17.3136    42.4088    15.3994    24.5246
   26   44   66    6   21.1632    2.73223          -    5.86308    20.0281     9.4213    17.4134
   26   45   67    6   14.1622    3.04547          -     7.2845    23.4309    10.8353    18.8626
  196  197   68    4     14.76    3.35739      rb6_a    8.85306    24.7339    11.0112    18.4617
  196  212   69    4   4.62335    5.22063      rb6_b     21.406    56.2863    16.7132    27.3945
  131  132   70    4   5.88872    5.69166        RB7     25.443    76.3271     18.172    31.2693
  131  133   71    4   3.89699    7.05242        RLL    39.0631    96.1675    23.1736    35.6283
   31   46   72    4   7.05452    5.33821        RB5    22.3811    66.7558    17.2485    29.4913
   31  162   73    4   8.73109    4.31618        RB4    14.6315    53.7225    14.0723    26.6752
   32   47   74    5   9.89457    3.02706          -    7.19667     22.861     10.284    17.5444
   32   48   75    5   9.77635      2.664          -     5.5739    18.0333    8.84252    15.6699
   94  123   76    4    13.142    3.03714      rb1_a    7.24469    22.0612    10.1599    17.9918
   94   95   77    4    4.4567    4.54426      rb1_b    16.2187    52.4088    14.7269    26.3908
   33  146   78    4   7.97185    4.02782      rb3_b    12.7418     38.789    13.2961    23.1056
   33  145   79    4   18.9458    4.08193      rb3_a    13.0864    36.4692    13.4493    22.1806
   34   50   80    6   34.6123    2.63661          -    5.45985    14.1996    9.08701    13.9116
   34   51   81    6   1.29572      2.753          -    5.95255    19.3079    8.64881    15.5766
   37   52   82    6   9.51465    2.89594          -    6.58671    23.6316    9.83049    18.2818
   37   53   83    6   14.6695    2.53029          -    5.02841    15.0652    8.49186    14.5876
  103  105   84    6   13.0417    3.99429          -    12.5305    36.0216    13.6372    23.0329
  103  106   85    6   13.6379    2.77657          -    6.05489    20.3344    9.39224    16.6417
  104  107   86    6   7.49996    2.52706          -    5.01556    17.2197    8.41631    15.6408
  104  108   87    6   18.6592    2.40032          -    4.52509    11.7169     7.9952    12.6225
   39   54   88    6   9.56822    2.73785          -     5.8872    16.5296    9.27333    14.9427
   39   55   89    6   8.56473    2.22239          -    3.87909    11.3401    7.59099    12.5977
  314  322   90    7   9.33984     2.4264          -    4.62398    13.9507    8.17368    13.5045
  314  323   91    7    1.8815    2.24218          -    3.94847    12.8962      7.044    12.7302
  365  366   92    6   9.00442    4.72346          -    17.5231    46.7715    15.2059    24.8928
  365  367   93    6   30.6589    2.00393          -    3.15394      8.537    7.14193    12.0444
  348  350   94    6   23.6578     4.2857          -    14.4256    41.9065    14.3401    23.5274
  348  349   95    6   23.0921    1.97727          -    3.07058     9.3819    6.74785    11.5214
   40   56   96    6   5.93271    2.60345          -    5.32338    19.5015    8.78486    19.0408
   40   57   97    6    3.4227    2.78866          -    6.10775    21.0205    9.17833    17.3235
   41   58   98    6    12.299    2.66576          -    5.58124    16.3999    8.98396    14.9219
   41   59   99    6    4.1018     3.0975          -    7.53549    17.9372    9.88341    15.6986
   43   60  100    7   16.7255    2.27737          -    4.07341    13.0984    7.57053     13.363
   43   61  101    7   9.24061    3.09927          -     7.5441    21.2098    10.3116    16.9352
  212  213  102    5   5.75603    3.05272          -    7.31921    22.5029    9.85635    17.4183
  212  218  103    5   13.3363    3.12299          -    7.66003     21.884    10.4668    17.3272
  133  135  104    5   12.4398    4.20425          -    13.8825    44.9331    13.6256    24.1796
  133  227  105    5   11.4544    6.38537          -     32.023     86.951    20.4888    33.4193
   46   62  106    5   27.3328    4.21319      rb5_a    13.9416    39.6166    13.9364    23.3111
   46   63  107    5   20.3456    4.21584      rb5_b    13.9591     38.337    13.8231    22.8538
  162  184  108    5   11.6227    3.56263      rb4_b    9.96853    28.2319    11.6057    19.4929
  162  163  109    5   15.0482     3.8387      rb4_a    11.5733    32.0061    12.4548    20.5248
   47   64  110    6   12.6884    2.62805          -    5.42445     16.104     10.587     17.277
   47   65  111    6   4.51513    2.33707          -    4.28977    16.3821    7.90353    15.8144
   48   66  112    6   5.38267    2.16644          -    3.68622    11.9085    7.33723    12.8537
   48   67  113    6   7.96505    2.43902          -    4.67221    13.2086      8.099    13.2984
   95   96  114    5   10.5107    3.29412          -    8.52252    23.6727    11.1297    18.2367
   95   97  115    5   15.2531    3.18609          -    7.97269    24.2016    10.2749    18.0506
  146  147  116    5   10.5535    2.91981          -    6.69577    21.1898    9.52952    17.2626
  146  153  117    5   9.36226    2.99265          -    7.03399    20.9107    9.99991    16.8297
  145  396  118    5   15.4002    2.92508          -    6.71994    19.9282    9.75982    16.2663
  145  409  119    5   15.2796    3.41904          -    9.18117    25.3621     11.193    18.4462
   53   68  120    7   2.47301    2.85626          -    6.40744    16.2955    9.59533    15.0676
   53   69  121    7   2.78156     2.3868          -    4.47426    12.6422    8.30372    13.3185
  105  109  122    7   7.14421    2.84213          -    6.34423    20.3277    9.56979    17.3254
  105  110  123    7   26.6083    3.22621          -    8.17478     27.089    12.4853    21.5103
  106  111  124    7   9.24933    1.95438          -     2.9999     8.3286    6.52726    10.8156
  106  112  125    7   29.1741    2.85331          -    6.39421    22.1281    10.0265    18.1431
  108  115  126    7   2.42296    3.12489          -    7.66938    18.8809    11.0323    16.7975
  108  116  127    7   9.59661    2.92379          -      6.714    21.2938    12.4209    20.6272
  366  368  128    7   6.02403    3.52211          -    9.74305    28.7524    11.6923     19.919
  366  369  129    7   13.2435    3.69719          -    10.7358    33.5965    12.4435    21.2585
   57   70  130    7   1.82847    2.03572          -    3.25482    11.2018    6.39541    11.8645
   57   71  131    7    5.8925    2.43833          -    4.66954    15.3879    8.57302    14.4182
   59   72  132    7   5.04541    2.15024          -    3.63133    10.7214    7.23393    12.5614
   59   73  133    7   1.87043    2.26117          -    4.01566    9.55873    7.10368    10.9599
   61   74  134    8   1.52786    2.26246          -    4.02025    11.3027    7.10774    11.9178
   61   75  135    8   3.10332    3.30919          -    8.60068    24.2981    11.0521    20.2703
  197  198  136    5   14.3755    2.68685          -     5.6699     14.395    8.97144    13.8544
  197  199  137    5   7.14639     2.4616          -    4.75909    15.0365     8.3226    14.8018
  136  139  138    6   13.7914    3.84473          -    11.6097    37.5366    12.6866    22.0182
  136  140  139    6   13.6307    4.48343          -    15.7874    48.5605    14.8328    25.7578
  135  137  140    6   25.3497    3.09331          -    7.51515    21.8083    10.2298    16.9716
  135  138  141    6   20.2835    2.98085          -    6.97863    18.6246    10.0135    15.7374
  227  228  142    6   6.88044    6.39589          -    32.1286    86.8969    20.3796    33.3565
  227  229  143    5   12.1377    4.79799        RB8    18.0804    61.5091    15.4557    28.0909
   62   76  144    6   23.4843    4.15394          -    13.5522    35.2473    13.3849    21.5101
   62   77  145    6   11.9166    3.05094          -    7.31065    26.7572    10.1098    19.5698
   63   78  146    6   13.4006    3.98257          -    12.4571    36.7858      13.21    22.4384
   63   79  147    6   9.83482     3.4783          -    9.50219    27.8127    11.4973    19.7495
  184  185  148    6   8.64965    3.02897          -    7.20574     19.935    9.93131    16.3091
  163  164  149    6   11.8352    4.43193          -    15.4268    41.0895     14.172    23.0741
  163  175  150    6   4.49236    2.76838          -    6.01922    26.0455    9.23929    18.9269
   96   98  151    6   34.9431    2.19374          -    3.77971    12.9061    7.16795    13.6633
   96   99  152    6   6.62701    2.39227          -    4.49481    15.7616     8.0781    14.9597
   97  100  153    6   15.2214    2.26988          -    4.04666    10.2099    7.76928    12.0812
   97  101  154    6   9.71718    2.68477          -    5.66116    13.8932    9.03147    13.8958
  409  410  155    6   13.0233    3.01294          -    7.12969    18.4789    9.79096    15.6463
  409  411  156    6   5.64256     2.8383          -    6.32712    17.8631    9.58588    16.9376
  110  117  157    8   1.59375    2.35514          -    4.35634    14.4357    7.39888    13.4687
  110  118  158    8   3.61429    2.54924          -    5.10401    19.8565    8.43432    16.8699
  115  119  159    8   16.7579    2.49834          -    4.90223    20.4993    8.81214     18.029
  115  120  160    8   1.87043    2.28117          -    4.08701    10.0616    7.16651    11.2445
  116  121  161    8   9.31051    2.20528          -    3.81961    16.5744    7.81073    15.5798
  116  122  162    8   2.05792    2.13436          -    3.57789    11.3475     6.7053    11.9414
  368  372  163    8   12.9111    2.80482          -    6.17872    16.7535    9.30573    15.2573
  368  373  164    8   4.76041    2.04357          -    3.27997    11.9339     7.0614    13.1718
  369  374  165    8   12.4867    3.17047          -    7.89471    24.3281    12.0998    20.1572
  369  375  166    8   6.95677    3.16668          -    7.87584    25.7236    10.6888    19.1467
  350  353  167    7   11.4165    2.25792          -    4.00411    17.6181     7.8006    15.6935
  350  354  168    7   18.4353    3.07044          -    7.40441    24.8718    10.7018    18.7958
  198  200  169    6   9.18203    2.00816          -    3.16727    9.28519    6.69885    11.7257
  198  201  170    6   13.2793    2.28382          -     4.0965    10.4004    7.17483    11.4322
  139  141  171    7   6.85335    3.06642          -    7.38504    21.6442    10.2343    17.4796
  139  142  172    7   13.9123     3.7198          -    10.8675    30.2186    12.1302    20.0758
  140  143  173    7   7.47958     3.1812          -    7.94824    25.0891     10.579    18.4814
  140  144  174    7   14.0596    3.32619          -    8.68926     26.645    11.3033    19.3612
  228  238  175    5   12.6639    4.63054        RB9    16.8404    59.9169     15.077    27.8735
  228  271  176    5   16.6887    5.79975       RB10    26.4185    77.1112    18.6666    31.4514
  229  230  177    6   11.6606    3.32524      rb8_b    8.68432    35.2812    10.7858     21.362
  229  231  178    6   31.2358    5.66618      rb8_a    25.2157    69.2735    18.4319    30.4119
   76   80  179    7   29.7746    2.32969          -    4.26271    11.5273    7.85714    12.5174
   76   81  180    7   14.7645    2.31381          -    4.20481    12.3736    7.64423     12.873
   77   82  181    7   5.41335    2.72582          -    5.83557    17.3565    9.04955     15.813
   77   83  182    7   4.42411    2.66773          -    5.58949     17.398     9.1151    15.7769
   78   84  183    7   37.1847     2.3029          -    4.16523    13.3511    8.01235    14.0301
   78   85  184    7   12.5494    2.61165          -    5.35699    15.0451    8.91517     15.242
   79   86  185    7   12.1261     3.2017          -    8.05101    20.9311    10.7545    16.8891
   79   87  186    7   9.60668    2.27891          -     4.0789    12.7361    7.62394    13.6771
  164  165  187    7    5.6936    2.62969          -    5.43124     19.572    9.02743    16.9411
  164  168  188    7   14.3529    3.21404          -    8.11321    22.7362    10.8116    17.5012
  410  412  189    7   6.67937    1.79854          -    2.54055    8.60414     6.0768    11.1906
  410  413  190    7   15.0516     2.8814          -    6.52073    17.3691    9.59422    15.3914
  238  239  191    6   14.6303     5.2593      rb9_a    21.7243    61.6942    17.1959    28.3829
  238  264  192    6   20.1005    3.42264      rb9_b    9.20054    25.3023    11.5693    18.8225
  271  272  193    6   6.06262    5.13905     rb10_b    20.7422    63.7922    16.5793    28.7367
  271  436  194    6   11.7967    2.62014     rb10_a    5.39186    18.8905    9.04144    16.9252
  230  232  195    7   16.0435    3.04306          -    7.27294    20.0708    10.0962    17.0065
  230  233  196    7   15.1372    2.94848          -    6.82788    23.4994    9.78396    17.8273
  231  234  197    7   26.0999    3.38089          -    8.97743    26.4005    11.4219    19.5523
  231  235  198    7   25.6328    3.18534          -    7.96896    23.3795    10.7639    17.9057
   85   88  199    8   1.87617    2.75314          -    5.95313    19.0548    10.0021    16.4623
   85   89  200    8    5.5808    3.19934          -    8.03916     23.724    12.1922    19.4424
   87   90  201    8    14.264    2.72276          -    5.82248     13.953    9.00157    13.7132
   87   91  202    8   3.96462    2.10384          -    3.47629    12.1206    7.01711    13.0218
  241  244  203    8   12.6223    4.41671          -     15.321    48.7803    14.3989    25.0754
  241  245  204    8   14.6134    2.87273          -    6.48157     20.946    9.36405    17.2097
  272  273  205    7   13.2744    3.81786          -     11.448    37.0799    12.4402     21.974
  272  286  206    7   16.1671    4.91773          -    18.9941    56.5639    15.8417    27.1594
  233  236  207    8   7.67793    2.41023          -    4.56255    14.6617    8.05743    14.9803
  233  237  208    8    8.0236    2.81072          -    6.20477    18.2521    9.31555     15.621
   89   92  209    9    1.7977    2.33552          -    4.28407    12.6425    7.33725    12.6044
   89   93  210    9   23.5361    2.18371          -    3.74525    12.0089    7.33527    12.6677
  273  274  211    8   13.8331    3.44031          -    9.29576    30.8711    11.3381    20.3668
  273  281  212    8   13.7709    3.25884          -    8.34096    26.7584    10.7607    18.9199
  286  287  213    8   13.0636    4.57555          -    16.4428    46.4475    14.8109    24.5686
  286  298  214    8   9.36284    2.97238          -    6.93901    24.7083    9.76871     18.038
  123  124  215    5   11.8898    1.94824          -     2.9811    13.0353    6.60136    13.9432
  123  125  216    5   17.5232    1.71382          -    2.30686    7.34249    5.84913    10.2874
  125  128  217    6   2.23647    2.05358          -    3.31217    14.2318    7.03286    14.8858
  125  129  218    6   1.87043    1.25109          -    1.22933    3.91281    3.93042    7.01212
  184  194  219    6   5.45483    3.02022          -    7.16418    19.7568     10.079    16.4452
  194  431  220    7   11.3017    2.64289          -    5.48592    14.2661    8.69732    13.7628
  194  195  221    7   6.15244    1.96862          -    3.04379    9.91963    6.70709    11.5616
  185  186  222    7   6.45042    2.35635          -    4.36082    12.2544    7.82789    12.8553
  185  187  223    7   5.77105    2.21927          -    3.86822    11.3823    7.36619    12.3311
  175  176  224    7   6.94595    2.71443          -    5.78693    16.5189    9.02228    14.8774
  175  179  225    7   4.88645       2.66          -    5.55717    16.3237    8.78269     14.699
  436  437  226    7   17.5678    1.79623          -    2.53405    7.31733    6.32297    10.3933
  107  113  227    7     3.659    2.05573          -    3.31912     12.754     7.0545    14.4901
  107  114  228    7    1.8815    1.84475          -    2.67279    9.17638    5.79545    10.7384
  309  312  229    5   10.3779     3.7953      lb5_a    11.3131    34.1173    12.5591     21.179
  309  313  230    5   6.70525    1.65567      lb5_b    2.15297    13.2386    5.47952    13.8857
  349  351  231    7   8.11058    1.90666          -    2.85521    8.51077    6.37156    11.3723
  349  352  232    7   8.85608    3.13549          -    7.72149    20.2812    12.0602    18.7139
  367  370  233    7   3.48073    1.46287          -    1.68073    4.54937    4.59573    7.56102
  367  371  234    7   6.67141    2.59264          -    5.27929    16.0551    10.6281    17.4946
  124  126  235    6   4.12293    1.65601          -    2.15384      9.418     5.2025    10.8789
  124  127  236    6   1.96796    1.74895          -    2.40239     11.887    6.13413    13.0293
  132  134  237    5   3.78874    4.39064      rb7_a    15.1407    49.2328    19.0896    28.7345
  132  136  238    5   23.4959     4.9799      rb7_b    19.4774    62.4082    16.6276    28.9701
  436  438  239    7   11.7719    2.95214          -    6.84484    18.2385    9.77504    16.1671
  438  439  240    8   2.56907    2.42001          -    4.59966    21.9277     8.2549    18.2262
  438  440  241    8     12.47    2.78507          -    6.09203    19.3224    9.29814    16.6523
  396  397  242    6   8.69931    1.88976          -    2.80481     8.9868    6.22384    11.1276
  396  398  243    6   9.36928    2.48632          -    4.85516    14.3981      7.811    13.4511
  397  399  244    7   11.6056     1.6063          -    2.02648    6.49296    5.04633    9.03288
  397  400  245    7   5.45216    1.37953          -    1.49468    4.78907    4.33391    7.75765
  400  403  246    8   8.15541     1.1726          -    1.07991     3.4601    3.68382      6.594
  400  404  247    8   3.26331    1.00705          -   0.796517    2.55209    3.16375    5.66309
  398  401  248    7   5.21197    1.81501          -    2.58731    7.67276    5.70203    9.81931
  398  402  249    7    9.7026    1.87103          -    2.74949    7.92409    6.26227    10.6461
  402  405  250    8   14.8485    1.59038          -    1.98651    5.72516    4.99632    8.48201
  402  406  251    8   4.84783    1.56545          -    1.92473    5.35193    5.63589    9.21288
  405  407  252    9   7.17743    1.35182          -    1.43525    4.13642    4.24687     7.2097
  405  408  253    9   2.98731    1.16098          -    1.05861    3.05094    3.64731    6.19186
  412  416  254    8   2.97336    1.31293          -    1.35386    4.58515    4.12469    7.59069
  412  417  255    8   7.10672    1.52875          -    1.83555    6.21649    4.80273    8.83848
  417  422  256    9   5.80732    1.11599          -   0.978163    3.31277    3.50599    6.45209
  417  423  257    9    15.377    1.29944          -    1.32618    4.49141    4.08232    7.51271
  413  418  258    8   9.83723    1.83144          -    2.63437    8.17168    6.16327     10.945
  413  419  259    8     7.953    1.64155          -     2.1164    6.72663    5.78059    10.1949
  418  424  260    9   4.00847    1.33695          -    1.40386    4.35469    4.20016    7.39747
  418  425  261    9   15.5463    2.82814          -    6.28192    14.3533     11.718    16.3093
  415  420  262    8   2.56907    2.86352          -    6.44007    14.3955    10.3853     14.965
  415  421  263    8   16.4794    1.79569          -    2.53251    6.95118    5.64131    9.34618
  421  426  264    9   3.29156    1.31085          -    1.34957    3.70428    4.11816    6.82271
  421  427  265    9   17.0548    1.52633          -    1.82974    5.02223    4.79512    7.94425
  147  428  266    6   4.96938    2.40289          -    4.53479    13.6702    8.05973    13.9852
  147  148  267    6   5.73629    2.31121          -    4.19534    16.6448    7.72534    15.5651
  428  430  268    7   2.73845    1.61686          -    2.05322    7.49591    7.72139    12.1245
  428  429  269    7   15.9029    2.04246          -    3.27639    9.87672    6.41656    11.1407
  150  151  270    8   1.52786    1.28155          -    1.28991    3.89152    4.02609    6.99302
  150  152  271    8   4.10794    2.20925          -    3.83336    14.0179    8.43189    14.8564
  148  149  272    7   1.29572    1.68718          -     2.2357    8.87001    5.30043    10.5576
  148  150  273    7   11.3992    1.75554          -    2.42054    7.30253    5.84104    9.98907
  153  154  274    6   6.83633    2.60802          -    5.34208    14.0111    8.69761    13.7456
  153  157  275    6   6.70022    2.28646          -    4.10599    12.7668    7.65407    13.2258
  154  155  276    7   2.38196    1.79534          -    2.53152    10.9043    6.25428    12.4922
  154  156  277    7   24.2548    2.21681          -    3.85965     10.123    6.96433    11.2787
  157  159  278    7   9.26146    1.71897          -    2.32073    7.34684    5.73858     10.266
  157  158  279    7   3.55086    1.71458          -     2.3089    8.95432    6.28144    11.2062
  159  160  280    8   2.16284    1.25485          -    1.23672    3.91513    3.94221     7.0142
  159  161  281    8   12.0334    1.46112          -    1.67673    5.30809    4.59025    8.16722
  165  166  282    8   2.26549    2.44342          -    4.68906    15.0734    8.36808    14.9095
  165  167  283    8    13.742    2.46828          -    4.78497    13.6287    8.23261    13.3617
  167  169  284    9   2.85753    2.02169          -    3.21011    8.78063     6.9697    11.1991
  167  170  285    9   9.57125    2.09804          -    3.45714    9.84674    6.59118    11.1237
  168  171  286    8   17.7285    2.39824          -    4.51726    14.4705    8.63741    14.7946
  168  172  287    8   4.73658    1.83166          -      2.635    9.35318    6.18694    11.6585
  171  173  288    9   8.51858    1.83673          -     2.6496    7.12433    6.09043    9.93157
  171  174  289    9    6.0622    1.75072          -    2.40725    7.71133    5.50003    9.84395
  176  177  290    8   2.23647    1.39939          -    1.53805    8.53912    5.75844    12.3197
  176  178  291    8   4.66421    1.87772          -    2.76917    9.90636    7.17127     13.983
  179  180  292    8   3.41069    1.96531          -    3.03356    12.5079    6.99784    13.3264
  179  181  293    8   9.62271    1.58949          -     1.9843    5.84769    4.99356     8.9303
  181  182  294    9   3.90244    1.35107          -    1.43366    4.22496    4.24451    7.28645
  181  183  295    9   3.65859    1.16033          -    1.05743    3.11623    3.64528    6.25778
  186  188  296    8   2.73759    1.72013          -    2.32388    6.53037    5.40396    9.05887
  186  189  297    8   3.69867    2.02056          -    3.20653    9.78165    6.67371    11.7098
  189  192  298    9   15.3341    1.71748          -    2.31672    7.06724    5.39562    9.42388
  189  193  299    9   2.42296    2.15254          -    3.63909    15.9828    8.76912     16.252
  187  190  300    8   13.5495    2.37418          -    4.42709    11.3066    7.97597    12.6095
  187  191  301    8   4.24388    1.63483          -     2.0991    6.97694    5.58107    10.1196
  431  432  302    8   10.3687    1.78534          -    2.50341    7.70797     6.0737    10.2952
  431  435  303    8   9.98387    1.70749          -    2.28985    8.11918     5.7502    10.9798
  200  204  304    7   2.44397    2.00643          -    3.16182    11.5312    7.28396    12.8488
  200  205  305    7   17.6136    1.85648          -    2.70689    9.70399    6.14018    12.1567
  201  206  306    7   8.21028    1.66719          -    2.18303    5.54237    5.23763     8.3455
  201  207  307    7   10.9786     1.3272          -    1.38344    6.06893    4.82059    9.32733
  199  202  308    6   4.71898    1.95302          -    2.99573    9.26579    6.53173    11.1918
  199  203  309    6   2.42296    2.45378          -    4.72892    17.7531    8.67471    16.1443
  202  208  310    7   13.0026    1.72417          -     2.3348    7.09311    5.92923    10.1362
  202  209  311    7   3.69867    1.90867          -    2.86121    12.3424    6.32069    13.7857
  209  210  312    8    13.332    1.73103          -    2.35342    9.83692    6.28823    12.9016
  209  211  313    8   2.26549    1.39333          -    1.52474    6.57726    4.37726    9.09133
  213  214  314    6   5.88723     1.7565          -    2.42319    10.7368    5.70311    12.8825
  213  215  315    6   2.46578    2.22849          -    3.90041    11.9918      7.001    12.2757
  215  216  316    7   9.68547    1.64115          -    2.11536    7.60847    5.84968    10.2346
  215  217  317    7   12.2743    1.67633          -    2.20704    6.87032    5.60641    10.0789
  218  219  318    6   9.04047    2.35589          -    4.35912    12.1853    7.89302    14.2275
  218  220  319    6   5.07262    2.46608          -    4.77642    17.2196    8.24465    16.4391
  219  221  320    7   16.2339    4.10657          -    13.2449    38.8158    16.7394    26.8401
  219  222  321    7   10.7828    1.92172          -    2.90047    12.3126    6.60022    13.7244
  220  223  322    7   3.92202    1.58949          -     1.9843    7.43541    4.99356    10.4589
  220  224  323    7   2.42296    2.95517          -     6.8589    25.9506    11.9143     22.015
  223  225  324    8    1.6779    1.16033          -    1.05743    3.96233    3.64528    7.05635
  223  226  325    8    4.9232    2.84908          -     6.3753    17.5031    11.2388    17.9022
  239  240  326    7   7.54335    4.47041          -    15.6958    44.5741    14.0442    23.6672
  239  241  327    7   6.26119    5.55752          -    24.2578    70.4831    18.2803    30.5938
  240  242  328    8   4.04398     3.2634          -     8.3643    23.7535    10.2523     17.277
  240  243  329    8   6.46467    3.79984          -    11.3402    32.2048    11.9376    20.1171
  243  246  330    9   2.87317    2.77389          -     6.0432    17.1619    8.71442    14.6855
  243  247  331    9   3.10332    3.22987          -    8.19331    23.2679    10.1469    17.0995
  244  248  332    9   13.7728    3.40379          -    9.09944     34.884    10.9762    21.2755
  244  249  333    9   4.53429    2.43503          -    4.65691    20.8985    8.13603     17.093
  248  252  334   10   10.1701    2.47352          -     4.8053    18.6633    8.73351    17.3329
  248  253  335   10   9.13558    2.86557          -    6.44929    16.2741    9.34731    14.6354
  253  258  336   11   7.99361    2.66352          -     5.5719    15.8897    8.86204    14.9654
  253  259  337   11   4.13556     2.4779          -    4.82233    17.1937    8.39792     17.886
  249  254  338   10   5.47944    2.06977          -    3.36462    15.0992    6.50239    13.7747
  249  255  339   10   3.29081    1.77757          -    2.48167    11.1368     5.5844      11.83
  254  260  340   11   5.28327    1.51093          -      1.793    8.04635    4.74674    10.0555
  254  261  341   11   6.98369    1.75931          -    2.43094    10.9091    5.52703    11.7085
  245  250  342    9   19.6084     3.1847          -    7.96576    21.6188    12.2505    19.8944
  245  251  343    9   6.48686    1.81591          -    2.58987    8.99747    6.25981    11.2957
  251  256  344   10   4.46862    1.32561          -    1.38014    4.79475    4.16454    7.76226
  251  257  345   10   10.7342    1.83431          -    2.64262    8.99528    6.25884     11.967
  257  262  346   11   1.87043    1.33905          -    1.40825    4.79358    4.20673    7.76131
  257  263  347   11   4.19301    2.78547          -    6.09377    17.2726    12.2701    17.8941
  264  265  348    7   11.8381    2.97661          -    6.95878    15.9931    9.97266    15.0074
  264  266  349    7   7.11975    2.49853          -    4.90297    13.4836    7.84936    13.0169
  265  270  350    8   19.6513    2.17509          -    3.71573    13.8206    9.32941    16.2628
  265  267  351    8   11.5014    1.75629          -    2.42261     9.6945    5.94934    12.4738
  266  268  352    8   11.4047    1.82393          -    2.61279    7.18541    5.73004    9.50234
  266  269  353    8   12.6518    2.12375          -    3.54239     9.7419    6.67196    11.0644
  440  441  354    9   2.59135    2.02912          -    3.23374    16.2701    6.88824    16.4696
  440  442  355    9   2.46578     2.0331          -    3.24644    10.2969    6.38717    11.3752
  441  443  356   10   6.59079    1.48126          -    1.72326    8.67034    4.65351    10.4381
  441  444  357   10   10.9775    1.67132          -    2.19387    12.8689    5.58331    13.5746
  274  275  358    9    7.2659     2.9628          -    6.89438    24.4829    9.84228    18.8952
  274  276  359    9   8.17876    2.92426          -    6.71619    22.3044    9.18684    16.7417
  275  277  360   10   8.83398    2.14392          -    3.60999    15.5969    7.34506    14.9964
  275  278  361   10   18.2074    2.63174          -     5.4397    17.8884    8.69788    16.2305
  277  279  362   11   2.31442    1.56506          -    1.92376    8.31159    4.91678    10.2199
  277  280  363   11   10.0791    1.82233          -    2.60822    11.2688    5.72502    11.8999
  281  282  364    9   19.9658    2.90438          -    6.62517    18.2467    9.74385    16.0449
  281  283  365    9   25.0883    2.16251          -    3.67288    12.1994    7.44731    12.9434
  282  284  366   10   9.02838    2.97431          -    6.94806     18.937    11.5726    19.2119
  282  285  367   10   6.72741    1.63241          -    2.09289     11.485     5.2717    13.1945
  287  288  368    9    6.0944    3.24802          -    8.28566    23.9855    10.5999     18.233
  287  289  369    9   6.54115    3.02927          -    7.20719    21.5681    10.1593    17.6368
  288  290  370   10   9.73464    3.49958          -    9.61882    30.5539    11.5785    20.3269
  288  291  371   10   7.93989    2.27605          -    4.06869    15.4149    7.58987    14.8483
  290  294  372   11   5.56454    2.21731          -    3.86137    15.4403    7.83303    15.1937
  290  295  373   11    26.212    2.53633          -    5.05245    14.5281    8.52269    14.3986
  294  296  374   12   9.03241    2.34622          -    4.32343    14.1299    7.91653    14.7509
  294  297  375   12   2.59458    1.61863          -    2.05772    8.22814    5.08509    10.1685
  289  292  376   10    4.2096    2.00587          -    3.16005    13.1634    6.72029    13.5111
  289  293  377   10   15.0243    2.47848          -     4.8246    15.2622    8.19502    14.8022
  298  300  378    9   1.52786    2.16983          -     3.6978    13.1671    6.81674    12.8632
  298  299  379    9   8.28512    2.60711          -    5.33838    14.8331    8.74406    14.3362
  300  301  380   10   9.98358    1.58398          -    1.97056    7.01672    4.97622    9.39014
  300  302  381   10   12.1954    3.66362          -    10.5417    23.4703    11.9749    17.7408
  301  303  382   11   4.72598     1.1563          -    1.05011    3.73921    3.63264     6.8548
  301  304  383   11   5.67437    1.34638          -    1.42373    5.06958    4.22979    7.98162
  302  305  384   11   3.64174    2.46692          -    4.77968    16.7931    8.46014     15.521
  302  306  385   11   1.87043    2.67444          -    5.61767    12.5073    8.40201    12.5368
  315  324  386    7   6.18272    2.49702          -    4.89704    14.7504    8.22677    13.9223
  315  325  387    7   2.99867    2.60411          -    5.32611    18.0204    9.00756    16.4213
  322  334  388    8   5.00736    2.30068          -    4.15723    14.8244    8.37301    15.1186
  322  335  389    8   9.85094    2.06244          -    3.34083    10.0794    6.47936    11.2544
  324  337  390    8   16.7622    2.12247          -    3.53811    10.6572    6.66792    11.5725
  324  336  391    8   9.12342    1.92856          -    2.92116    9.12326    7.23556    13.4893
  316  326  392    7   9.12089    1.83095          -    2.63295    8.65714    6.15458    11.4799
  316  327  393    7   1.87043    1.69813          -    2.26482    6.70617    5.33484    9.17999
  317  328  394    7   1.59375    1.92728          -    2.91729     9.3209    6.05473    10.8227
  317  329  395    7   7.15663    2.00756          -    3.16538    11.6378    6.75589     12.642
  329  338  396    8   16.8618    2.16878          -     3.6942    12.6704    7.34473    13.3317
  329  339  397    8   7.19561    1.61239          -    2.04189    7.36339      5.171    10.1145
  318  330  398    7   16.6843     2.7484          -    5.93266    14.6822    9.16236    14.0159
  318  331  399    7   8.84148    3.64582          -    10.4395    23.4967    13.3986    19.6938
  340  347  400    9   17.8466    2.73286          -    5.86578    17.1179    10.7683    17.2465
  340  344  401    9    5.0182    2.47268          -    4.80204     15.869    9.00635    15.3995
  341  346  402    9   4.59229    1.51798          -    1.80976    5.64176    4.76886       8.42
  341  345  403    9   4.93988    1.73903          -    2.37523     8.1417    5.75837    11.0208
  319  332  404    7   2.44235    1.88942          -    2.80381    14.6759    7.37948     16.358
  319  333  405    7   18.4851    2.07312          -    3.37551    11.8208    7.35345    13.6931
  333  342  406    8   3.27144    1.51338          -    1.79881     6.2993    4.75442    8.89716
  333  343  407    8   8.79612    1.76215          -    2.43881    8.54053    5.53597    10.3597
  313  320  408    6   8.09902     2.0427          -    3.27717    8.50949    9.43167    12.6517
  313  321  409    6   5.08458    1.75404          -     2.4164    8.44932    5.93923    12.4702
  353  355  410    8   9.76774    1.64828          -    2.13379    9.38869    5.17822    10.8619
  353  360  411    8   14.7371    1.91923          -    2.89297    12.7291    6.02944    12.6475
  355  358  412    9   16.3787    1.40104          -    1.54166    6.78333    4.40149    9.23265
  355  359  413    9   2.46578    1.20324          -     1.1371    5.00323     3.7801    7.92921
  354  356  414    8   13.5757    2.52886          -    5.02274    17.2021    9.55889    17.8129
  354  357  415    8   8.22313    3.18082          -    7.94638     23.348    12.6379    19.8934
  356  361  416    9     23.09    2.37344          -    4.42431    14.3888     9.8056    16.5919
  356  362  417    9   4.57668    1.84607          -    2.67662      9.167     5.7996    10.7329
  357  363  418    9   2.92466      2.322          -    4.23463    12.4421    7.29478    12.5041
  357  364  419    9   17.2393    2.10677          -    3.48599    12.6305    7.23161    13.5357
  372  376  420    9   11.6421    2.66856          -    5.59297    18.5454    11.2361    18.3641
  372  377  421    9   13.4059    2.08976          -     3.4299    11.6095    7.01619    13.0659
  373  378  422    9    5.3756    1.80741          -    2.56569    8.69061     6.1726    11.4059
  373  379  423    9    11.688    2.49393          -    4.88493    14.7487    8.77787    14.4507
  375  380  424    9   7.16269    2.69538          -    5.70599    17.9129    9.08194    15.7458
  375  381  425    9   13.4165    2.69513          -    5.70492    17.6307    9.24913    15.5915
  380  382  426   10    3.3753    2.66541          -    5.57981    15.6221    9.14427    14.5905
  380  387  427   10   11.0516    2.29108          -    4.12258    12.9421    7.19763    12.7528
  382  385  428   11    6.6898    2.06043          -    3.33431    11.4875    6.99101    12.7852
  382  386  429   11   9.39971    2.89027          -    6.56095    16.3969    9.56373    14.7578
  385  390  430   12   2.47478    1.50411          -    1.77685    6.12169    4.72532    8.77083
  385  391  431   12   5.77416    1.51404          -    1.80038    7.73973    5.56061    10.4146
  386  392  432   12   8.98477    1.78837          -    2.51191    13.8645    7.33017    15.2778
  386  393  433   12   7.03392    1.88542          -    2.79194    11.0728    6.80778    13.2026
  392  394  434   13   3.94072    1.30551          -     1.3386    7.38839    4.10138    9.63563
  392  395  435   13   6.20172    1.52011          -    1.81485    10.0171    4.77558    11.2196
  381  383  436   10   20.2389    2.68193          -    5.64916    17.2528    9.83774    16.6024
  381  384  437   10   10.0034    1.96745          -    3.04015     9.3954    6.18091    10.8658
  384  388  438   11   6.90004    1.67233          -    2.19651    6.78818    5.25378    9.23595
  384  389  439   11   2.98731    1.43624          -     1.6201    5.00681    4.51207    7.93205
  411  414  440    7   5.74614    2.02102          -    3.20799    10.3865    7.02333    12.1763
  411  415  441    7   8.37417    2.11257          -     3.5052    9.62101    6.97238    11.3552
  432  433  442    9   4.67863    1.51754          -    1.80871    5.56901    4.76749    8.36554
  432  434  443    9   1.29572     1.3033          -    1.33407    4.10758    4.09443    7.18452
